   7.4530845e-02  -8.7936599e-02
  -3.0740425e-02   1.3063350e-01
   1.0520349e-01  -9.8929838e-02
  -7.3694410e-01  -1.4398526e+00
  -1.2602293e-01   1.8551082e-01
  -6.7360564e-01  -1.1651975e+00
  -2.7496095e-01   6.4150132e-02
   3.1837323e-01  -7.8545200e-01
  -1.7083867e-01   7.2159681e-02
   3.9452797e-01  -9.2415809e-01
  -9.4898620e-02   4.8854431e-02
  -8.7160434e-01  -2.3446387e+00
   5.1097892e-01  -1.3553537e+00
  -7.8752008e-01  -1.7019492e+00
   5.4180281e-01  -1.4517700e+00
  -9.8241705e-01  -2.8537629e+00
  -3.4590536e-01  -8.1814916e-02
  -9.2069954e-01  -2.4494698e+00
  -7.8959979e-01  -1.8810177e+00
   4.7232035e-01  -1.3670697e+00
   6.0441960e-01  -1.6858398e+00
  -9.1856056e-01  -2.5320464e+00
   5.0980770e-01  -1.3055919e+00
  -9.0039483e-01  -2.4552228e+00
   2.9115935e-01  -6.3268338e-01
  -4.0109667e-01  -2.8841850e-01
  -2.4136488e-01  -3.7654040e-02
  -9.5819554e-01  -2.6947639e+00
  -9.6290626e-01  -2.7476117e+00
   8.7615938e-01  -2.4259301e+00
  -4.5169085e-01  -3.3483920e-01
  -5.2955657e-01  -5.2639019e-01
  -6.2909495e-01  -9.3585341e-01
  -8.3004096e-01  -1.8971449e+00
  -1.0420706e-01   1.1786399e-02
  -7.1758038e-01  -1.4533051e+00
  -5.2973434e-01  -6.5622716e-01
   5.9040683e-01  -1.7256603e+00
  -6.6365717e-01  -1.0575856e+00
   3.4464814e-01  -8.8476892e-01
  -1.7397485e-01   6.5289786e-02
   4.6475548e-01  -1.1816277e+00
  -3.0192456e-01  -6.0810324e-02
  -6.7358151e-01  -1.1767466e+00
   1.4511400e-02  -1.0029235e-01
   3.1018765e-01  -7.6986281e-01
   8.0770632e-01  -2.1821071e+00
   2.6160943e-01  -6.4301811e-01
   9.8841611e-02  -2.6936602e-01
   2.9635598e-01  -7.7871663e-01
   4.6215355e-01  -1.1700865e+00
   1.3600831e-01  -3.3083819e-01
  -6.5419675e-01  -1.0084393e+00
   1.3284138e-01  -1.7657040e-01
  -5.0885726e-01  -5.3885796e-01
   1.5810298e-01  -3.0650421e-01
  -4.4218221e-01  -2.4657329e-01
   3.5159878e-01  -7.8265621e-01
   9.6878273e-01  -2.3274068e+00
   4.3040628e-02  -1.2108037e-01
   3.4753335e-01  -8.5475465e-01
  -6.1186766e-01  -9.6452591e-01
   9.1717971e-01  -2.4507776e+00
  -9.9740918e-01  -3.0722833e+00
  -3.3006217e-01  -1.6304006e-01
   5.1816510e-01  -1.4835817e+00
   9.9877841e-01  -2.3412914e+00
  -6.7185646e-01  -1.2390199e+00
  -8.4972507e-01  -2.0562504e+00
  -6.3363551e-01  -9.1366676e-01
   4.4669309e-01  -1.2393539e+00
  -1.4443640e-01   3.8159996e-02
   3.5627820e-01  -9.4773867e-01
   3.2045365e-01  -6.5198200e-01
   6.9330344e-01  -2.0818131e+00
  -7.1784928e-01  -1.4611022e+00
   8.1766180e-01  -2.3272712e+00
  -8.7762124e-01  -2.3382275e+00
  -8.6549697e-01  -2.2422663e+00
  -4.0411417e-01  -1.6072034e-01
   9.5632627e-01  -2.3147323e+00
  -8.6382027e-01  -2.3054203e+00
  -7.7299158e-01  -1.7699519e+00
   1.2835462e-02   1.2512338e-02
   1.1624340e-01  -2.4469438e-01
   8.7728842e-01  -2.4446482e+00
  -9.3313801e-01  -2.6876123e+00
   6.5523276e-01  -1.9152651e+00
   9.1402079e-01  -2.3456079e+00
  -8.1265536e-01  -1.9298328e+00
   2.0599700e-01  -4.1376626e-01
   1.5886842e-01  -3.0241274e-01
  -1.7724095e-01   6.6528348e-02
  -8.2569787e-01  -1.9101857e+00
  -4.5496048e-02   1.4836072e-01
  -8.9851183e-01  -2.2975370e+00
  -9.8600327e-01  -2.9572601e+00
  -9.0203500e-01  -2.3478147e+00
  -5.9889258e-01  -7.5471904e-01
   4.1771655e-01  -1.0555282e+00
   6.2687350e-02  -1.3419059e-01
   1.0465805e-01  -2.6048724e-01
  -3.0469680e-02  -3.5498805e-02
   9.6529860e-01  -2.4605873e+00
  -5.2915443e-01  -6.8477698e-01
  -2.0976248e-01   9.6412183e-02
   1.9662835e-01  -3.1025303e-01
   5.0843353e-01  -1.4245466e+00
  -2.0876745e-01   8.7029520e-02
   8.6371335e-01  -2.3249301e+00
   2.6384935e-01  -4.9233786e-01
  -6.8727478e-01  -1.1690361e+00
  -5.1285037e-01  -6.1389149e-01
  -6.1051533e-01  -8.2679811e-01
   1.6210692e-01  -2.6765499e-01
   2.5601126e-01  -4.9334527e-01
  -1.8137380e-01  -1.8211692e-02
  -1.0429758e-01   6.7982104e-02
   2.4416458e-01  -4.3324065e-01
  -3.2413239e-01  -5.8257626e-02
  -5.3796130e-01  -5.6850425e-01
   3.4359833e-01  -7.2358812e-01
   9.7205711e-01  -2.3053781e+00
   6.2392052e-01  -1.6684625e+00
   8.0788507e-01  -2.3276528e+00
  -1.6916772e-01   9.9896541e-02
   7.7128635e-02  -2.2048892e-01
  -6.6093204e-01  -1.0850082e+00
   5.6387759e-01  -1.5288507e+00
  -4.8405434e-01  -4.3461375e-01
  -6.4281109e-01  -1.0188527e+00
   3.9283358e-01  -9.4754166e-01
  -7.9081039e-01  -1.7542197e+00
  -1.8416785e-01   4.4687935e-02
   9.1739467e-01  -2.4765350e+00
  -5.5942620e-01  -7.0324407e-01
  -6.5009568e-02  -1.3028760e-03
   6.8503433e-01  -1.8551237e+00
  -9.1837495e-01  -2.5481690e+00
   2.0421841e-01  -4.8342021e-01
   9.1352346e-01  -2.2878060e+00
  -6.5783550e-01  -1.1354151e+00
   7.7315843e-01  -2.1069846e+00
   6.9631499e-01  -2.0219723e+00
  -1.6083883e-01   1.1671227e-01
   3.9885109e-01  -1.0443794e+00
   7.1581316e-02  -1.4856119e-01
   2.5699151e-02  -2.4693828e-02
  -5.0182213e-01  -4.1915410e-01
   4.9091213e-01  -1.3481250e+00
  -6.4343016e-01  -1.1549412e+00
  -7.0833095e-01  -1.3806794e+00
   8.7339576e-01  -2.4329792e+00
   4.5743023e-01  -1.1682582e+00
  -3.4990720e-01  -2.0902537e-01
  -9.0092514e-01  -2.4637959e+00
   7.6650781e-01  -2.1313095e+00
   1.3073954e-02  -6.3768944e-02
  -6.7196672e-01  -1.2564332e+00
   6.0789670e-01  -1.7567777e+00
   2.9040130e-01  -6.1921191e-01
  -4.1359497e-02   1.2601684e-02
   8.7610935e-01  -2.3957800e+00
   8.0958739e-01  -2.3441974e+00
   7.3871344e-01  -2.0227533e+00
  -5.7240511e-01  -7.8199220e-01
   9.2926220e-01  -2.3855435e+00
  -1.4260376e-01   2.0252794e-01
   8.9533096e-01  -2.3033670e+00
   5.2674594e-01  -1.4608352e+00
   9.1257450e-01  -2.3100086e+00
   2.1173148e-01  -3.8712295e-01
  -9.4098512e-02   1.6363836e-01
   2.3727803e-01  -5.6301292e-01
   5.6798930e-01  -1.5763965e+00
  -4.8773086e-01  -4.7978089e-01
  -2.2607849e-01   8.8386164e-02
  -9.0099275e-01  -2.4262476e+00
  -8.0674700e-01  -1.9719277e+00
   9.3683464e-02  -1.7356371e-01
   6.6171572e-01  -1.9824049e+00
  -5.8545543e-01  -8.3054527e-01
   5.2227580e-01  -1.5087675e+00
   4.0604334e-01  -1.0031811e+00
  -5.8248024e-01  -7.0707347e-01
   7.3938683e-01  -2.1480731e+00
   6.1025922e-01  -1.6936793e+00
   7.0622574e-01  -2.0256115e+00
   9.2753653e-01  -2.4478706e+00
   2.7227154e-01  -6.9116093e-01
   3.9430246e-02  -7.2407118e-02
   5.7971997e-01  -1.6480420e+00
  -5.4471895e-01  -7.0815908e-01
  -8.3022550e-01  -1.9630647e+00
   6.4977147e-01  -1.9219966e+00
   9.6737535e-01  -2.3321330e+00
   7.8443381e-01  -2.3188404e+00
  -8.2952814e-01  -2.0998520e+00
  -6.7187128e-01  -1.2670145e+00
  -6.7004516e-01  -1.2094300e+00
