  -3.5347312e-03  -2.6669836e-04
   6.6501259e-04   2.4842710e-03
   5.1124644e-03  -2.8924901e-03
   8.6922181e-03  -4.8801586e-03
   3.6464440e-04  -3.1571806e-05
   1.3214438e-03  -2.2158339e-03
   1.6533412e-03  -4.3652655e-03
  -1.0069431e-02   3.9721027e-03
  -4.0255847e-03  -1.0944568e-03
   5.3248820e-03   6.2691459e-03
  -1.5002658e-01   8.9394773e-04
  -1.4742993e-01  -9.3868018e-04
  -1.3496821e-01   6.6069272e-04
  -1.2940284e-01   1.9617357e-03
  -1.5113969e-01   1.5477357e-02
  -1.3079350e-01   1.2429643e-02
  -1.3392032e-01   2.2213243e-02
  -1.3033226e-01   2.5061715e-02
  -1.3857728e-01   3.5080461e-02
  -1.2891479e-01   3.3623118e-02
  -1.3394982e-01   4.0253192e-02
  -1.2989115e-01   5.1194771e-02
  -1.4048800e-01   4.7741613e-02
  -1.3913389e-01   6.4600664e-02
  -1.4059314e-01   6.0117311e-02
  -1.4771331e-01   6.3165489e-02
  -1.3339400e-01   6.8420796e-02
  -1.3225704e-01   7.7097543e-02
  -1.4697121e-01   6.8434585e-02
  -1.3852008e-01   7.5444793e-02
  -1.3159973e-01   7.9721198e-02
  -1.4255788e-01   8.3148286e-02
  -1.5113463e-01   8.7331486e-02
  -1.3700960e-01   8.0300598e-02
  -1.3549876e-01   7.7049339e-02
  -1.4004757e-01   8.1381166e-02
  -1.4462723e-01   8.8981116e-02
  -1.3471842e-01   8.8046855e-02
  -1.5180296e-01   8.3942614e-02
  -1.4881032e-01   9.4672659e-02
  -1.4567841e-01   9.3404969e-02
  -1.5027919e-01   8.7522858e-02
  -1.3384141e-01   8.9805794e-02
  -1.4932652e-01   9.1338577e-02
  -1.4050207e-01   8.8452627e-02
  -1.3964772e-01   9.7157054e-02
  -1.3194504e-01   9.4861947e-02
  -1.3324360e-01   8.7632373e-02
  -1.4210374e-01   8.5307541e-02
  -1.3684134e-01   8.9297816e-02
  -1.4752097e-01   9.0504248e-02
  -1.3325420e-01   8.8929059e-02
  -1.4730335e-01   9.1252990e-02
  -1.3863127e-01   8.6493544e-02
  -1.3057961e-01   9.6798438e-02
  -1.4229779e-01   9.9228259e-02
  -1.4657198e-01   9.2044328e-02
  -1.3892173e-01   9.4427963e-02
  -1.4553191e-01   9.2550486e-02
  -1.4397800e-01   9.6046153e-02
  -1.4514947e-01   9.6674252e-02
  -1.4148694e-01   9.0565564e-02
  -1.3377704e-01   8.6701865e-02
  -1.3947224e-01   9.4591116e-02
  -1.3065668e-01   8.8905441e-02
  -1.3114281e-01   9.3341603e-02
  -1.3237900e-01   9.7906608e-02
  -1.3578352e-01   9.1181911e-02
  -1.3192841e-01   9.9761860e-02
  -1.3408085e-01   9.2765637e-02
  -1.4125043e-01   8.7276758e-02
  -1.2856072e-01   9.4905025e-02
  -1.3193843e-01   9.4444285e-02
  -1.4552470e-01   9.9653456e-02
  -1.4269735e-01   9.5450671e-02
  -1.4176894e-01   8.7162675e-02
  -1.4479941e-01   9.3873077e-02
  -1.3554893e-01   9.3913291e-02
  -1.3347368e-01   9.0443135e-02
  -4.2740461e-01   9.1920929e-02
  -4.1849380e-01   9.9447068e-02
  -4.1762713e-01   8.0512444e-02
  -4.2094908e-01   7.1420900e-02
  -4.0653679e-01   4.8477734e-02
  -4.0701409e-01   2.6880017e-02
  -4.2180257e-01   8.6150630e-03
  -4.2834831e-01  -1.3169592e-02
  -4.2341432e-01  -3.2179371e-02
  -4.2067331e-01  -5.9196896e-02
  -4.2696866e-01  -7.5227677e-02
  -4.0963336e-01  -9.3176177e-02
  -4.2966317e-01  -1.0223997e-01
  -4.1067338e-01  -1.2211802e-01
  -4.2740256e-01  -1.3062869e-01
  -4.1996985e-01  -1.5516336e-01
  -4.1159080e-01  -1.6584050e-01
  -4.1965405e-01  -1.6990592e-01
  -4.1925262e-01  -1.8756781e-01
  -4.1997672e-01  -1.8866103e-01
  -4.2495321e-01  -2.0220348e-01
  -4.0940659e-01  -2.0375958e-01
  -4.2681718e-01  -2.0890834e-01
  -4.0851597e-01  -2.1562689e-01
  -4.2246532e-01  -2.2325134e-01
  -4.1526258e-01  -2.2835446e-01
  -4.1090201e-01  -2.2302617e-01
  -4.1456844e-01  -2.3227979e-01
  -4.1351167e-01  -2.3289560e-01
  -4.1155416e-01  -2.3982464e-01
  -4.0947698e-01  -2.3369373e-01
  -4.2662819e-01  -2.4197421e-01
  -4.2236523e-01  -2.3747975e-01
  -4.0849260e-01  -2.4568579e-01
  -4.1331775e-01  -2.4404240e-01
  -4.2377529e-01  -2.5346411e-01
  -4.2089897e-01  -2.4193405e-01
  -4.2392691e-01  -2.5008718e-01
  -4.0677978e-01  -2.4527344e-01
  -4.0998438e-01  -2.5122624e-01
  -4.1766800e-01  -2.5433105e-01
  -4.2111981e-01  -2.5528757e-01
  -4.2477013e-01  -2.5064595e-01
  -4.1638697e-01  -2.5553344e-01
  -4.2856121e-01  -2.5344076e-01
  -4.2985362e-01  -2.5517114e-01
  -4.1460822e-01  -2.5934217e-01
  -4.1101966e-01  -2.4913062e-01
  -4.2193185e-01  -2.5896698e-01
  -4.2637556e-01  -2.5333662e-01
  -4.0779424e-01  -2.5548990e-01
  -4.2679700e-01  -2.5772697e-01
  -4.2273908e-01  -2.4792666e-01
  -4.2947968e-01  -2.5528181e-01
  -4.1942413e-01  -2.5571598e-01
  -4.0732443e-01  -2.5714173e-01
  -4.0982890e-01  -2.6088812e-01
  -4.0906885e-01  -2.6006517e-01
  -4.1704323e-01  -2.5221296e-01
  -4.2489659e-01  -2.5871016e-01
  -4.2209764e-01  -2.5571529e-01
  -4.1219477e-01  -2.5634147e-01
  -4.1440732e-01  -2.5552855e-01
  -4.2414198e-01  -2.5476357e-01
  -4.2469159e-01  -2.5418881e-01
  -4.2457001e-01  -2.4888427e-01
  -4.2638933e-01  -2.5884736e-01
  -4.1802858e-01  -2.5408506e-01
  -4.2032084e-01  -2.5270881e-01
   1.1010267e-01  -2.5258266e-01
   1.1429818e-01  -2.5198278e-01
   1.2297458e-01  -2.4857636e-01
   1.1254795e-01  -2.4770494e-01
   1.1661125e-01  -2.5574127e-01
   1.2977169e-01  -2.4900328e-01
   1.2724400e-01  -2.4458776e-01
   1.2465443e-01  -2.3391925e-01
   1.2190849e-01  -2.3086282e-01
   1.2201071e-01  -2.2890118e-01
   1.2012293e-01  -2.2533171e-01
   1.2968521e-01  -2.3239351e-01
   1.1238665e-01  -2.3295041e-01
   1.2735666e-01  -2.2329663e-01
   1.1387958e-01  -2.2842148e-01
   1.1587828e-01  -2.2536122e-01
   1.2647110e-01  -2.2560514e-01
   1.2205964e-01  -2.2189143e-01
   1.2025299e-01  -2.2032188e-01
   1.3092590e-01  -2.1515629e-01
   1.2242898e-01  -2.1858606e-01
   1.1576316e-01  -2.1292070e-01
   1.1037493e-01  -2.1754604e-01
   1.2503580e-01  -2.1424680e-01
   1.2805233e-01  -2.1634608e-01
   1.1551753e-01  -2.1138696e-01
   1.2880845e-01  -2.1434898e-01
   1.1603205e-01  -2.0872188e-01
   1.1190998e-01  -2.0594975e-01
   1.1286939e-01  -2.0949517e-01
   1.2500023e-01  -2.1037288e-01
   1.1287517e-01  -2.0628143e-01
   1.2468347e-01  -2.0165608e-01
   1.2271392e-01  -2.1226857e-01
   1.2628652e-01  -2.0871575e-01
   1.2056185e-01  -2.0748003e-01
   1.2469847e-01  -2.0826174e-01
   1.1769003e-01  -2.1095571e-01
   1.0932602e-01  -2.1212642e-01
   1.2529797e-01  -2.1150576e-01
   1.1271956e-01  -2.1276097e-01
   1.1244661e-01  -2.0116692e-01
   1.2946300e-01  -2.0606185e-01
   1.1954233e-01  -2.0966679e-01
   1.2247146e-01  -2.0812815e-01
   1.2373245e-01  -2.0176803e-01
   1.2575673e-01  -2.0802277e-01
   1.2771260e-01  -2.0947730e-01
   1.2665182e-01  -2.0419695e-01
   1.1665420e-01  -2.0191700e-01
   1.2957651e-01  -2.0419622e-01
   1.1552206e-01  -2.0792560e-01
   1.1489039e-01  -2.0569901e-01
   1.2679570e-01  -2.1031200e-01
   1.2537791e-01  -2.0962231e-01
   1.1714502e-01  -2.0407389e-01
   1.2727489e-01  -2.1075310e-01
   1.1574857e-01  -2.0158072e-01
   1.2784496e-01  -2.0658269e-01
   1.2472780e-01  -2.0210227e-01
   1.1354003e-01  -2.0591439e-01
   1.2190447e-01  -2.1274966e-01
   1.2679294e-01  -2.0915060e-01
   1.1671329e-01  -2.0718717e-01
   1.1406546e-01  -2.0201126e-01
   1.2923854e-01  -2.0733579e-01
   1.1875120e-01  -2.0552070e-01
   1.2998255e-01  -2.0429477e-01
   1.0916777e-01  -2.0632895e-01
   4.7167647e-02  -2.0734104e-01
   4.6792395e-02  -2.0126952e-01
   4.1186523e-02  -2.0092076e-01
   4.4454875e-02  -2.0077384e-01
   4.1098312e-02  -1.9146002e-01
   4.7365350e-02  -1.7740961e-01
   4.8115232e-02  -1.6646160e-01
   3.6893563e-02  -1.5939825e-01
   5.2219516e-02  -1.5928149e-01
   5.0787828e-02  -1.4810665e-01
   4.9763898e-02  -1.4271323e-01
   5.9865088e-02  -1.2845244e-01
   4.7925902e-02  -1.3037864e-01
   4.9516029e-02  -1.2240828e-01
   5.3987019e-02  -1.1791013e-01
   5.2287687e-02  -1.0583096e-01
   5.6253866e-02  -1.0418884e-01
   3.9150119e-02  -9.5973975e-02
   5.8210115e-02  -9.6523553e-02
   4.1722744e-02  -1.0063739e-01
   5.0729822e-02  -8.8866732e-02
   4.1398407e-02  -9.5327512e-02
   3.9316365e-02  -8.7334347e-02
   5.3208535e-02  -9.1219514e-02
   5.4378401e-02  -7.8418748e-02
   4.1886463e-02  -8.4709110e-02
   4.8274504e-02  -7.7802733e-02
   5.5343685e-02  -8.0524506e-02
   5.1055852e-02  -7.8284836e-02
   5.4285342e-02  -7.9757884e-02
   5.5727712e-02  -7.6845450e-02
   5.9886746e-02  -7.7005780e-02
   3.8049632e-02  -7.4817398e-02
   3.6754928e-02  -6.9926475e-02
   4.7212495e-02  -7.8130143e-02
   5.4968032e-02  -7.4915491e-02
   5.8572853e-02  -7.2660320e-02
   4.5172321e-02  -7.4327168e-02
   5.1480833e-02  -7.1935683e-02
   5.0366591e-02  -7.6673422e-02
   4.0852587e-02  -6.7588373e-02
   5.9630945e-02  -7.3730469e-02
   4.1957360e-02  -6.8008594e-02
   4.6560075e-02  -6.4663119e-02
   4.5556180e-02  -7.0780683e-02
   5.4982991e-02  -7.4982509e-02
   5.9542358e-02  -6.5183025e-02
   5.1646837e-02  -7.4013902e-02
   5.8455355e-02  -7.2829283e-02
   5.6545763e-02  -7.3362576e-02
   5.1530490e-02  -7.2955640e-02
   5.3261538e-02  -6.6890476e-02
   4.4213422e-02  -7.4316118e-02
   5.4050699e-02  -7.6818271e-02
   3.6772435e-02  -6.6064970e-02
   5.4662773e-02  -6.4708846e-02
   5.6947696e-02  -7.2641914e-02
   5.0053102e-02  -6.8215993e-02
   4.5798029e-02  -7.3729880e-02
   5.2281684e-02  -7.3320674e-02
   5.6777108e-02  -6.5513705e-02
   4.0292829e-02  -6.4598464e-02
   5.5606807e-02  -7.0194950e-02
   5.1784682e-02  -7.5178412e-02
   5.4214447e-02  -6.7856885e-02
   5.7494599e-02  -6.5264276e-02
   4.4154161e-02  -7.4383970e-02
   3.9020914e-02  -6.8269444e-02
   5.7611506e-02  -6.6173404e-02
  -2.8765689e-01  -7.6344307e-02
  -2.9443779e-01  -6.5438501e-02
  -2.9990258e-01  -6.8198082e-02
  -2.9230319e-01  -6.8010930e-02
  -2.9876982e-01  -6.6268010e-02
  -2.9000151e-01  -5.3605003e-02
  -3.0100970e-01  -6.3155624e-02
  -2.8783698e-01  -5.1444016e-02
  -2.9979920e-01  -5.4727269e-02
  -2.9672801e-01  -4.1675976e-02
  -2.9025656e-01  -4.4656399e-02
  -2.9967826e-01  -4.4990698e-02
  -3.0112462e-01  -3.7252470e-02
  -2.9254024e-01  -3.0057828e-02
  -2.9048379e-01  -2.8075560e-02
  -2.9124308e-01  -3.2718797e-02
  -2.9894485e-01  -2.8130067e-02
  -2.9411032e-01  -3.0607127e-02
  -3.0488923e-01  -2.6738967e-02
  -2.8603924e-01  -2.8143184e-02
  -3.0258963e-01  -2.5392070e-02
  -2.9095553e-01  -2.6957869e-02
  -2.9388530e-01  -2.6604442e-02
  -2.9457617e-01  -2.3769000e-02
  -2.8779331e-01  -2.0650582e-02
  -2.9311485e-01  -1.9855767e-02
  -2.9931030e-01  -2.3180065e-02
  -2.9827306e-01  -2.2452259e-02
  -2.9064116e-01  -2.3063962e-02
  -2.9317873e-01  -1.5421846e-02
  -2.9692116e-01  -1.8733495e-02
  -2.9814788e-01  -1.7462335e-02
  -2.9503139e-01  -9.8224643e-03
  -3.0428838e-01  -2.1591209e-02
  -3.0207947e-01  -1.7281460e-02
  -3.0445416e-01  -1.6199737e-02
  -3.0695997e-01  -1.2988969e-02
  -2.8613564e-01  -1.2047326e-02
  -2.9379100e-01  -1.0763299e-02
  -3.0261722e-01  -1.9592711e-02
  -2.8758767e-01  -1.2464069e-02
  -3.0623019e-01  -1.0940711e-02
  -2.9059748e-01  -2.0036512e-02
  -3.0483246e-01  -1.1463526e-02
  -3.0413831e-01  -2.0738594e-02
  -2.9448567e-01  -1.9594910e-02
  -2.9851302e-01  -1.9431386e-02
  -3.0918085e-01  -1.7858103e-02
  -2.9831829e-01  -9.0648293e-03
  -3.0946360e-01  -1.9091627e-02
  -2.8827259e-01  -1.6282070e-02
  -2.9866974e-01  -1.7528178e-02
  -2.9304021e-01  -1.5582225e-02
  -3.0065801e-01  -2.1467175e-02
  -2.9533712e-01  -1.0648564e-02
  -3.0184563e-01  -8.8147705e-03
  -3.0044512e-01  -1.7453702e-02
  -2.8834379e-01  -2.0044206e-02
  -3.0358243e-01  -1.4351518e-02
  -2.9565929e-01  -2.0527022e-02
  -2.9255867e-01  -1.7626117e-02
  -3.0967953e-01  -1.6526037e-02
  -2.9785634e-01  -2.0666886e-02
  -2.9729433e-01  -2.1195699e-02
  -2.9310979e-01  -1.0955095e-02
  -2.9387025e-01  -1.5194166e-02
  -3.0240605e-01  -1.8159897e-02
  -3.0173753e-01  -1.9460330e-02
  -2.9412573e-01  -1.4227453e-02
   7.5795207e-01  -1.7193965e-02
   7.4592195e-01  -1.1979740e-02
   7.4542974e-01  -6.4621952e-02
   7.5730483e-01  -1.5571429e-01
   7.5859597e-01  -2.6668675e-01
   7.6438295e-01  -3.9649022e-01
   7.4402440e-01  -5.2741722e-01
   7.4553824e-01  -6.5838443e-01
   7.4771328e-01  -7.8865375e-01
   7.6018126e-01  -9.1933530e-01
   7.4582715e-01  -1.0364760e+00
   7.4660191e-01  -1.1394574e+00
   7.5629871e-01  -1.2484455e+00
   7.6652125e-01  -1.3446489e+00
   7.4791913e-01  -1.4279982e+00
   7.5986213e-01  -1.5095182e+00
   7.6127427e-01  -1.5786536e+00
   7.5295440e-01  -1.6375521e+00
   7.5248336e-01  -1.6961148e+00
   7.4781618e-01  -1.7519225e+00
   7.6620629e-01  -1.7887723e+00
   7.5817287e-01  -1.8278380e+00
   7.5627035e-01  -1.8646309e+00
   7.6430422e-01  -1.9023604e+00
   7.6726427e-01  -1.9273820e+00
   7.5587678e-01  -1.9633634e+00
   7.5443736e-01  -1.9861755e+00
   7.4696563e-01  -2.0019470e+00
   7.4849841e-01  -2.0220007e+00
   7.6183737e-01  -2.0334674e+00
   7.6717365e-01  -2.0473990e+00
   7.6274933e-01  -2.0543123e+00
   7.6147863e-01  -2.0674358e+00
   7.4514119e-01  -2.0815453e+00
   7.5788371e-01  -2.0800756e+00
   7.6082312e-01  -2.0949720e+00
   7.5825227e-01  -2.1006343e+00
   7.6124772e-01  -2.1020464e+00
   7.4621984e-01  -2.1095478e+00
   7.6319753e-01  -2.1138214e+00
   7.4810251e-01  -2.1238562e+00
   7.5411966e-01  -2.1195311e+00
   7.6513285e-01  -2.1205409e+00
   7.4527685e-01  -2.1309671e+00
   7.5598038e-01  -2.1294834e+00
   7.5799096e-01  -2.1321441e+00
   7.5524209e-01  -2.1372996e+00
   7.4658861e-01  -2.1341266e+00
   7.5877145e-01  -2.1345731e+00
   7.4798737e-01  -2.1382562e+00
   7.5361533e-01  -2.1418386e+00
   7.4575618e-01  -2.1356870e+00
   7.5996740e-01  -2.1448012e+00
   7.6756195e-01  -2.1348403e+00
   7.5072494e-01  -2.1460568e+00
   7.6471129e-01  -2.1483208e+00
   7.6299858e-01  -2.1455910e+00
   7.4911193e-01  -2.1383850e+00
   7.6741786e-01  -2.1415599e+00
   7.4622309e-01  -2.1468224e+00
   7.6707504e-01  -2.1402563e+00
   7.6162758e-01  -2.1388126e+00
   7.5755501e-01  -2.1432834e+00
   7.6515414e-01  -2.1425882e+00
   7.4647034e-01  -2.1504177e+00
   7.5092453e-01  -2.1487712e+00
   7.5545780e-01  -2.1385569e+00
   7.4762885e-01  -2.1402463e+00
   7.5440110e-01  -2.1458038e+00
   3.1118704e-01  -2.1468244e+00
   2.9000070e-01  -2.1400941e+00
   3.0688855e-01  -2.1101192e+00
   2.9036600e-01  -2.0469816e+00
   2.8971598e-01  -1.9654346e+00
   2.9903709e-01  -1.8836378e+00
   2.9830230e-01  -1.7905450e+00
   2.9932865e-01  -1.7095998e+00
   2.9928393e-01  -1.6177388e+00
   3.0044464e-01  -1.5256275e+00
   2.8810768e-01  -1.4552190e+00
   3.0436130e-01  -1.3707508e+00
   2.9977789e-01  -1.3069652e+00
   3.0231046e-01  -1.2344571e+00
   2.9161702e-01  -1.1817041e+00
   2.8879239e-01  -1.1207240e+00
   2.9698914e-01  -1.0820089e+00
   2.9814498e-01  -1.0401416e+00
   3.0708114e-01  -9.9292591e-01
   3.1028684e-01  -9.5717244e-01
   3.0907268e-01  -9.2403154e-01
   3.0708325e-01  -8.9502525e-01
   2.9950454e-01  -8.7855749e-01
   3.0433289e-01  -8.6076511e-01
   3.0926109e-01  -8.3838619e-01
   3.0580834e-01  -8.1086102e-01
   2.9424380e-01  -8.0467470e-01
   3.0234080e-01  -7.8887682e-01
   3.0918374e-01  -7.7289342e-01
   3.0751195e-01  -7.7047286e-01
   3.0417309e-01  -7.5152082e-01
   3.0892488e-01  -7.5230984e-01
   3.0580007e-01  -7.4105528e-01
   2.9902985e-01  -7.3499165e-01
   3.0338835e-01  -7.2930714e-01
   2.9179460e-01  -7.2027180e-01
   3.0790650e-01  -7.2298210e-01
   3.0842076e-01  -7.1032979e-01
   2.9345255e-01  -7.0869549e-01
   3.0768530e-01  -7.0760891e-01
   3.0081021e-01  -7.1222337e-01
   2.9983628e-01  -7.1079970e-01
   3.0194146e-01  -7.0093343e-01
   2.9915619e-01  -6.9946880e-01
   3.0938129e-01  -6.9205126e-01
   3.0199828e-01  -6.9876395e-01
   3.0369153e-01  -7.0230609e-01
   3.0747638e-01  -6.9908771e-01
   2.8975291e-01  -6.9132570e-01
   2.9954865e-01  -6.9528651e-01
   2.9311748e-01  -6.8675468e-01
   2.9119557e-01  -6.9358726e-01
   2.8898218e-01  -6.8646943e-01
   2.9137403e-01  -6.9465483e-01
   2.9987629e-01  -6.9153072e-01
   3.0557001e-01  -6.9148803e-01
   3.0152897e-01  -6.8513814e-01
   3.0173272e-01  -6.8672509e-01
   2.9731629e-01  -6.8261751e-01
   3.0008511e-01  -6.9486634e-01
   3.0822475e-01  -6.9467287e-01
   3.1112948e-01  -6.9495728e-01
   2.8858645e-01  -6.9234549e-01
   3.1083882e-01  -6.9151632e-01
   3.0084073e-01  -6.8842942e-01
   2.9011174e-01  -6.9484580e-01
   3.0665510e-01  -6.8963098e-01
   3.1067093e-01  -6.9470430e-01
   2.9946222e-01  -6.8734582e-01
   3.0545469e-01  -6.8600067e-01
   3.0898689e-01  -6.9445644e-01
   3.1191605e-01  -6.9048278e-01
   2.9055650e-01  -6.9349964e-01
   2.9465505e-01  -6.9468950e-01
   2.9243038e-01  -6.8347523e-01
   2.9725296e-01  -6.8847187e-01
   3.0480908e-01  -6.9265724e-01
   3.0612712e-01  -6.8447318e-01
   2.9087429e-01  -6.8488594e-01
   3.0104166e-01  -6.8967893e-01
   3.1055103e-01  -6.8766889e-01
   2.9291765e-01  -6.9236377e-01
   3.1098660e-01  -6.9649021e-01
   2.8935925e-01  -6.9025838e-01
   3.1180835e-01  -6.9493712e-01
   2.9453725e-01  -6.9678258e-01
   3.0552711e-01  -6.9819294e-01
   2.9983989e-01  -6.8535887e-01
   3.0136802e-01  -6.9680874e-01
   3.0494722e-01  -6.9144913e-01
   2.9070018e-01  -6.9804162e-01
   3.1224492e-01  -6.8580721e-01
   2.8996617e-01  -6.8502525e-01
   3.0044387e-01  -6.8935716e-01
   3.0877276e-01  -6.9472503e-01
   2.9273559e-01  -6.9527642e-01
   3.0443147e-01  -6.9848762e-01
   3.0858622e-01  -6.9436599e-01
   2.9477264e-01  -6.9674940e-01
   2.9826910e-01  -6.8689854e-01
   3.0691681e-01  -6.8536365e-01
   2.9588479e-01  -6.8589957e-01
   2.9346736e-01  -6.9088978e-01
   2.8954332e-01  -6.8875458e-01
   3.0104078e-01  -6.9311666e-01
   3.0503430e-01  -6.9439228e-01
   3.0682207e-01  -6.9489728e-01
   3.0665952e-01  -6.9495810e-01
   2.9939198e-01  -6.8910820e-01
   3.0078229e-01  -6.9699238e-01
   3.1226318e-01  -6.9598642e-01
   2.9864076e-01  -6.8862589e-01
   2.9949412e-01  -6.8799053e-01
   2.9095006e-01  -6.9545896e-01
   3.0502335e-01  -6.9128507e-01
   3.1020889e-01  -6.9543972e-01
   3.0670593e-01  -6.9893468e-01
   2.9138808e-01  -6.9029298e-01
   2.9035990e-01  -6.9702143e-01
   3.0570963e-01  -6.9791549e-01
   3.0167402e-01  -6.9305831e-01
   2.9554185e-01  -6.9741314e-01
   3.0257819e-01  -6.8860859e-01
   3.0220024e-01  -6.8556684e-01
   3.0197044e-01  -6.9268869e-01
   3.0495384e-01  -6.9030305e-01
   2.9371892e-01  -6.9085658e-01
   3.0572609e-01  -6.9202632e-01
   3.0812681e-01  -6.9880595e-01
   2.9959395e-01  -6.9416699e-01
   3.0432692e-01  -6.9917291e-01
   3.1202051e-01  -6.8730306e-01
   2.9560722e-01  -6.8685391e-01
   3.0279992e-01  -6.9596605e-01
   3.0822538e-01  -6.8838432e-01
   3.0628086e-01  -6.9823855e-01
   3.0893622e-01  -6.8913376e-01
   3.0095394e-01  -6.9196242e-01
   7.0968029e-01  -6.9146877e-01
   7.1925259e-01  -6.9458162e-01
   7.0280958e-01  -7.2488389e-01
   6.9607385e-01  -7.8402214e-01
   7.1857332e-01  -8.5330641e-01
   7.0929735e-01  -9.3121401e-01
   7.0241489e-01  -1.0108767e+00
   6.9660083e-01  -1.1002091e+00
   7.1775859e-01  -1.1794776e+00
   7.0057942e-01  -1.2491191e+00
   7.0541959e-01  -1.3284233e+00
   6.9746789e-01  -1.3923401e+00
   7.0306537e-01  -1.4613815e+00
   7.0872699e-01  -1.5248703e+00
   7.1885648e-01  -1.5744488e+00
   6.9838253e-01  -1.6168420e+00
   7.0901164e-01  -1.6643254e+00
   6.9594989e-01  -1.7073793e+00
   7.0569914e-01  -1.7396264e+00
   7.0488396e-01  -1.7694358e+00
   7.1359010e-01  -1.8037682e+00
   7.1038353e-01  -1.8294057e+00
   7.0976274e-01  -1.8557922e+00
   7.1625897e-01  -1.8773905e+00
   7.1570614e-01  -1.8887435e+00
   7.1429340e-01  -1.8983005e+00
   6.9914037e-01  -1.9179361e+00
   7.0525783e-01  -1.9375223e+00
   7.0540533e-01  -1.9363736e+00
   6.9660210e-01  -1.9488291e+00
   7.1759454e-01  -1.9664684e+00
   7.0224877e-01  -1.9717479e+00
   7.1036050e-01  -1.9692721e+00
   7.0789020e-01  -1.9825419e+00
   7.1340378e-01  -1.9910785e+00
   6.9878194e-01  -1.9957920e+00
   6.9620190e-01  -1.9920837e+00
   7.0147114e-01  -1.9916756e+00
   7.0262381e-01  -1.9949176e+00
   7.0474194e-01  -1.9963959e+00
   7.1658773e-01  -1.9998945e+00
   7.0716926e-01  -2.0058432e+00
   7.1577330e-01  -2.0040673e+00
   7.1919498e-01  -2.0140208e+00
   7.1402571e-01  -2.0058011e+00
   7.1905486e-01  -2.0194938e+00
   7.1081323e-01  -2.0112847e+00
   6.9541999e-01  -2.0187644e+00
   7.1467675e-01  -2.0160913e+00
   6.9553353e-01  -2.0160159e+00
   6.9601624e-01  -2.0203638e+00
   7.0445358e-01  -2.0171553e+00
   7.1083869e-01  -2.0177396e+00
   7.1012387e-01  -2.0209086e+00
   7.0650574e-01  -2.0260859e+00
   7.1254490e-01  -2.0226698e+00
   7.0997428e-01  -2.0177890e+00
   6.9541399e-01  -2.0208304e+00
   6.9794071e-01  -2.0154202e+00
   7.0454648e-01  -2.0172989e+00
   7.1165978e-01  -2.0154461e+00
   7.0944689e-01  -2.0171179e+00
   7.0715213e-01  -2.0159271e+00
   6.9619875e-01  -2.0195160e+00
   7.1724274e-01  -2.0204091e+00
   7.0696264e-01  -2.0162492e+00
   7.1590123e-01  -2.0155237e+00
   6.9653896e-01  -2.0153541e+00
   7.0891749e-01  -2.0219101e+00
  -8.0400322e-01  -2.0272617e+00
  -8.0648957e-01  -2.0173496e+00
  -8.1373710e-01  -2.0260913e+00
  -8.1527206e-01  -2.0142725e+00
  -8.0311916e-01  -2.0074909e+00
  -8.2263290e-01  -1.9962665e+00
  -8.1009574e-01  -1.9901938e+00
  -8.2521251e-01  -1.9874017e+00
  -8.1956680e-01  -1.9855657e+00
  -8.1341225e-01  -1.9812483e+00
  -8.1015013e-01  -1.9659578e+00
  -8.1288494e-01  -1.9613216e+00
  -8.1408146e-01  -1.9621534e+00
  -8.1178809e-01  -1.9502523e+00
  -8.0705022e-01  -1.9571903e+00
  -8.2143160e-01  -1.9507788e+00
  -8.1490720e-01  -1.9408611e+00
  -8.1203792e-01  -1.9413069e+00
  -8.0928612e-01  -1.9390095e+00
  -8.1123101e-01  -1.9385356e+00
  -8.0768232e-01  -1.9345910e+00
  -8.0805896e-01  -1.9257047e+00
  -8.0536555e-01  -1.9341965e+00
  -8.2541290e-01  -1.9269311e+00
  -8.0985504e-01  -1.9190368e+00
  -8.0739050e-01  -1.9199569e+00
  -8.1679217e-01  -1.9264071e+00
  -8.2553668e-01  -1.9177562e+00
  -8.2338528e-01  -1.9245491e+00
  -8.2481184e-01  -1.9133651e+00
  -8.1775653e-01  -1.9188733e+00
  -8.1634660e-01  -1.9211215e+00
  -8.1844194e-01  -1.9171027e+00
  -8.1668632e-01  -1.9196772e+00
  -8.2480715e-01  -1.9197969e+00
  -8.0697945e-01  -1.9199718e+00
  -8.1287207e-01  -1.9215429e+00
  -8.1651748e-01  -1.9104973e+00
  -8.2201048e-01  -1.9154793e+00
  -8.2343931e-01  -1.9144575e+00
  -8.0411416e-01  -1.9112785e+00
  -8.2301480e-01  -1.9187100e+00
  -8.1121545e-01  -1.9225251e+00
  -8.2294478e-01  -1.9115663e+00
  -8.2267112e-01  -1.9087161e+00
  -8.1805391e-01  -1.9105427e+00
  -8.1704702e-01  -1.9173517e+00
  -8.0889030e-01  -1.9170631e+00
  -8.1763446e-01  -1.9112918e+00
  -8.0775625e-01  -1.9177286e+00
  -8.0226040e-01  -1.9185202e+00
  -8.2367277e-01  -1.9095922e+00
  -8.0747351e-01  -1.9169222e+00
  -8.2331807e-01  -1.9192563e+00
  -8.2140347e-01  -1.9100827e+00
  -8.1346679e-01  -1.9212578e+00
  -8.2554504e-01  -1.9200379e+00
  -8.1883709e-01  -1.9206389e+00
  -8.1433307e-01  -1.9185110e+00
  -8.0924941e-01  -1.9193727e+00
  -8.2282355e-01  -1.9095041e+00
  -8.2223088e-01  -1.9110437e+00
  -8.1012505e-01  -1.9102429e+00
  -8.0663538e-01  -1.9135113e+00
  -8.1328054e-01  -1.9164921e+00
  -8.2132528e-01  -1.9099689e+00
  -8.2427627e-01  -1.9149164e+00
  -8.2572490e-01  -1.9135766e+00
  -8.0885633e-01  -1.9088577e+00
   9.2187206e-01  -1.9135829e+00
   9.2375260e-01  -1.9087482e+00
   9.1496773e-01  -1.9260021e+00
   9.2271088e-01  -1.9503696e+00
   9.2802417e-01  -1.9764503e+00
   9.2425639e-01  -1.9985007e+00
   9.2432827e-01  -2.0328196e+00
   9.1514699e-01  -2.0544422e+00
   9.1742681e-01  -2.0825073e+00
   9.2574249e-01  -2.1177812e+00
   9.1727588e-01  -2.1469017e+00
   9.1508252e-01  -2.1628098e+00
   9.2643775e-01  -2.1938946e+00
   9.1576536e-01  -2.2156792e+00
   9.3271091e-01  -2.2348900e+00
   9.2968253e-01  -2.2549839e+00
   9.3472985e-01  -2.2688108e+00
   9.3316113e-01  -2.2853388e+00
   9.3618242e-01  -2.2911601e+00
   9.1935864e-01  -2.3104303e+00
   9.2341223e-01  -2.3194148e+00
   9.3634064e-01  -2.3320133e+00
   9.1732038e-01  -2.3329499e+00
   9.1302268e-01  -2.3414925e+00
   9.2157404e-01  -2.3443519e+00
   9.2112436e-01  -2.3562588e+00
   9.3166436e-01  -2.3528922e+00
   9.3584005e-01  -2.3665692e+00
   9.2539459e-01  -2.3686097e+00
   9.3095168e-01  -2.3691470e+00
   9.1915945e-01  -2.3687806e+00
   9.1521445e-01  -2.3695303e+00
   9.2186194e-01  -2.3757695e+00
   9.3415955e-01  -2.3745018e+00
   9.1339653e-01  -2.3781220e+00
   9.1289234e-01  -2.3809436e+00
   9.2451349e-01  -2.3904197e+00
   9.1379385e-01  -2.3803821e+00
   9.1657394e-01  -2.3949239e+00
   9.2466466e-01  -2.3878801e+00
   9.3373981e-01  -2.3848091e+00
   9.2586429e-01  -2.3877289e+00
   9.1687467e-01  -2.3872927e+00
   9.2663954e-01  -2.3890508e+00
   9.2283548e-01  -2.3967141e+00
   9.2277495e-01  -2.3893425e+00
   9.3660638e-01  -2.3914224e+00
   9.2739811e-01  -2.3935996e+00
   9.1326229e-01  -2.3910202e+00
   9.2087932e-01  -2.4002989e+00
   9.2378590e-01  -2.3965504e+00
   9.3480748e-01  -2.3877328e+00
   9.2350146e-01  -2.4012371e+00
   9.2148270e-01  -2.3935327e+00
   9.1884141e-01  -2.4002847e+00
   9.2009585e-01  -2.3902175e+00
   9.2896923e-01  -2.4003620e+00
   9.2176882e-01  -2.4014929e+00
   9.2239947e-01  -2.3898500e+00
   9.3280295e-01  -2.4013124e+00
   9.3498400e-01  -2.3937241e+00
   9.2591916e-01  -2.4012750e+00
   9.2293344e-01  -2.3964073e+00
   9.3657762e-01  -2.4022766e+00
   9.3574834e-01  -2.3933221e+00
   9.1400200e-01  -2.3898351e+00
   9.3085552e-01  -2.3941618e+00
   9.2625034e-01  -2.3957637e+00
   9.2416111e-01  -2.3972941e+00
  -9.9887987e-03  -2.3911769e+00
  -1.5072001e-02  -2.3924413e+00
  -4.7959927e-03  -2.3349946e+00
   3.5981278e-03  -2.2383509e+00
  -4.8548058e-03  -2.1020310e+00
   7.4408230e-03  -1.9627414e+00
  -1.6111577e-02  -1.8221222e+00
  -1.0850176e-02  -1.6643060e+00
  -4.3171638e-04  -1.5197762e+00
  -1.8780064e-03  -1.3843495e+00
   5.5053558e-03  -1.2541943e+00
   6.8147035e-03  -1.1265400e+00
  -1.4725510e-04  -1.0113779e+00
  -2.8604885e-03  -8.9904674e-01
  -9.7100295e-04  -8.1151583e-01
  -1.8737262e-03  -7.1373728e-01
  -1.1647324e-02  -6.3815017e-01
  -6.9831980e-03  -5.6163262e-01
   3.5169753e-03  -5.0715118e-01
  -2.8655493e-03  -4.5013564e-01
  -1.2298703e-02  -3.8905805e-01
   2.7184401e-03  -3.4700407e-01
   1.8870082e-03  -3.0120178e-01
  -1.4956683e-02  -2.6467938e-01
   6.3127947e-03  -2.3264315e-01
   5.5905074e-03  -2.1285054e-01
  -1.2449420e-02  -1.8346470e-01
  -5.2234950e-03  -1.5214461e-01
   5.8974337e-03  -1.4066324e-01
  -6.3932693e-04  -1.1813048e-01
  -1.2168659e-02  -1.0499243e-01
  -1.1989263e-02  -9.2356769e-02
   4.5786421e-03  -8.0230343e-02
  -4.7941365e-03  -7.4886888e-02
   1.9832749e-03  -5.8329763e-02
  -1.6299101e-02  -5.1625105e-02
  -4.2235129e-03  -4.6556815e-02
   3.5050268e-03  -3.6286356e-02
  -1.3986382e-02  -3.1358215e-02
  -1.2744224e-02  -3.0477783e-02
  -1.1482002e-03  -2.5543043e-02
   3.3375103e-03  -2.0695039e-02
  -1.3482342e-02  -1.7722787e-02
  -1.3735435e-03  -1.9291890e-02
  -2.3933611e-03  -1.2235709e-02
   2.9660318e-03  -5.2630774e-03
  -4.4383518e-03  -7.7606319e-03
  -3.7211237e-03  -8.1668250e-03
  -4.1207116e-03  -7.9099769e-03
   5.9028217e-03   6.7679798e-04
   1.8012178e-03   3.1504650e-03
  -5.0264561e-03   3.7414975e-03
   2.8768991e-03  -5.9394377e-03
  -1.3134953e-03  -1.1257675e-03
   2.8352171e-03  -2.2476252e-03
  -7.0230998e-03   4.0920025e-03
  -1.2828882e-02   7.0092829e-03
   3.1932652e-03  -4.3239266e-03
   2.4070573e-03   8.1722148e-03
   6.7562046e-03   8.9506612e-03
  -1.6104280e-02   4.9448962e-04
  -5.1576463e-03   5.1330932e-03
   5.6459655e-03   5.5876280e-03
  -6.4836962e-03   7.5942571e-03
   4.3817516e-03   7.6000167e-03
   4.5160680e-03   1.1277180e-02
   4.9605871e-03   5.5971919e-03
  -1.0336599e-02   4.2936905e-03
   6.2704354e-03   2.2546453e-03
  -5.0283644e-01  -8.8980851e-04
  -4.9872790e-01   8.2850469e-04
  -5.0035296e-01  -1.1226763e-02
  -5.1908470e-01  -3.5190324e-02
  -5.0731463e-01  -6.2417802e-02
  -5.1910281e-01  -8.5446004e-02
  -4.9922659e-01  -1.2550384e-01
  -5.1346270e-01  -1.5553669e-01
  -4.9904604e-01  -1.7943156e-01
  -4.9563737e-01  -2.1589733e-01
  -5.1471614e-01  -2.3920817e-01
  -5.1822334e-01  -2.6744165e-01
  -5.0689043e-01  -2.9728010e-01
  -4.9767219e-01  -3.1891585e-01
  -5.0395502e-01  -3.3821933e-01
  -5.1482951e-01  -3.6155259e-01
  -5.1312469e-01  -3.7804083e-01
  -5.0584386e-01  -3.9522223e-01
  -5.1826638e-01  -4.1258966e-01
  -5.0567153e-01  -4.2405986e-01
  -5.0538142e-01  -4.3185599e-01
  -5.1063116e-01  -4.4742142e-01
  -5.0233988e-01  -4.5351098e-01
  -4.9641581e-01  -4.5650463e-01
  -5.0204979e-01  -4.6469563e-01
  -5.1267789e-01  -4.6698876e-01
  -4.9647657e-01  -4.8480001e-01
  -5.0738512e-01  -4.8427815e-01
  -5.0834955e-01  -4.8541579e-01
  -5.0033378e-01  -4.8504224e-01
  -5.1413641e-01  -5.0050776e-01
  -5.1018402e-01  -4.9687501e-01
  -5.0564220e-01  -5.0191644e-01
  -4.9808544e-01  -5.0327179e-01
  -5.0648362e-01  -5.0869593e-01
  -5.1708795e-01  -5.0518684e-01
  -5.0874275e-01  -5.0171395e-01
  -4.9605426e-01  -5.1108012e-01
  -4.9712604e-01  -5.1110411e-01
  -4.9799428e-01  -5.0860811e-01
  -5.0256220e-01  -5.1661271e-01
  -5.1762956e-01  -5.1594144e-01
  -5.1060978e-01  -5.1033650e-01
  -5.0324931e-01  -5.0820216e-01
  -5.0086539e-01  -5.0894234e-01
  -5.1614228e-01  -5.2062863e-01
  -5.0031605e-01  -5.1794311e-01
  -5.1405293e-01  -5.2337052e-01
  -5.0670351e-01  -5.1716807e-01
  -4.9844434e-01  -5.1418231e-01
  -5.1449678e-01  -5.1156213e-01
  -5.1679729e-01  -5.2018490e-01
  -4.9767557e-01  -5.1266079e-01
  -5.1109171e-01  -5.2354963e-01
  -5.1778238e-01  -5.2170288e-01
  -5.1291595e-01  -5.1925958e-01
  -5.1323227e-01  -5.1612569e-01
  -4.9825702e-01  -5.1592609e-01
  -4.9861113e-01  -5.1644756e-01
  -5.0384429e-01  -5.2016754e-01
  -5.0596479e-01  -5.2037935e-01
  -5.0159845e-01  -5.2321471e-01
  -4.9823253e-01  -5.2535879e-01
  -5.1276816e-01  -5.2245536e-01
  -5.1806763e-01  -5.1241467e-01
  -5.0053787e-01  -5.1240375e-01
  -4.9545938e-01  -5.2278433e-01
  -5.0627056e-01  -5.1910308e-01
  -5.0588167e-01  -5.1462933e-01
  -5.1120121e-01  -5.2117254e-01
  -5.2734797e-01  -5.1434715e-01
  -5.0683467e-01  -5.1651198e-01
  -5.1871762e-01  -5.2050566e-01
  -5.1268755e-01  -5.1852444e-01
  -5.1807597e-01  -5.2820938e-01
  -5.0816780e-01  -5.2885432e-01
  -5.2481822e-01  -5.2652797e-01
  -5.1349196e-01  -5.3808197e-01
  -5.2401826e-01  -5.3827335e-01
  -5.2557239e-01  -5.3570800e-01
  -5.2757209e-01  -5.3809327e-01
  -5.2811731e-01  -5.4145077e-01
  -5.0633120e-01  -5.4127784e-01
  -5.2512830e-01  -5.4905805e-01
  -5.1409703e-01  -5.5014837e-01
  -5.0833230e-01  -5.5038240e-01
  -5.2744126e-01  -5.4787494e-01
  -5.1606754e-01  -5.4543248e-01
  -5.1507672e-01  -5.4971347e-01
  -5.0651453e-01  -5.5419849e-01
  -5.2746748e-01  -5.5303144e-01
  -5.0653592e-01  -5.5558605e-01
  -5.2787889e-01  -5.5162501e-01
  -5.0943754e-01  -5.5076326e-01
  -5.0976682e-01  -5.4913772e-01
  -5.1973173e-01  -5.5307805e-01
  -5.1927691e-01  -5.5528753e-01
  -5.0837967e-01  -5.5421559e-01
  -5.0864886e-01  -5.6084930e-01
  -5.2807544e-01  -5.5306239e-01
  -5.2152141e-01  -5.5634178e-01
  -5.1822751e-01  -5.4887542e-01
  -5.2980700e-01  -5.5733073e-01
  -5.1403422e-01  -5.5600222e-01
  -5.2668923e-01  -5.5667101e-01
  -5.2239728e-01  -5.5218149e-01
  -5.2316098e-01  -5.4905313e-01
  -5.1795703e-01  -5.5802943e-01
  -5.2471270e-01  -5.5442646e-01
  -5.1522971e-01  -5.5206233e-01
  -5.2210005e-01  -5.6010528e-01
  -5.0883807e-01  -5.5459166e-01
  -5.1830915e-01  -5.5582292e-01
  -5.2919146e-01  -5.5677398e-01
  -5.0921161e-01  -5.5198389e-01
  -5.2469173e-01  -5.5574388e-01
  -5.1730938e-01  -5.6011936e-01
  -5.2411268e-01  -5.6239464e-01
  -5.1993190e-01  -5.6150880e-01
  -5.2682649e-01  -5.5034597e-01
  -5.2838053e-01  -5.5773843e-01
  -5.2764605e-01  -5.5741362e-01
  -5.2129324e-01  -5.5838501e-01
  -5.2647365e-01  -5.5881161e-01
  -5.2992468e-01  -5.5390630e-01
  -5.2120311e-01  -5.6285842e-01
  -5.2855852e-01  -5.5529050e-01
  -5.1804164e-01  -5.5610458e-01
  -5.1978678e-01  -5.5002413e-01
  -5.1752926e-01  -5.5342911e-01
  -5.1597496e-01  -5.5760802e-01
  -5.0708570e-01  -5.5688365e-01
  -5.1149988e-01  -5.5020729e-01
  -5.1199666e-01  -5.6100408e-01
  -5.1872848e-01  -5.5707514e-01
  -5.2659001e-01  -5.5585369e-01
  -5.1734718e-01  -5.5486019e-01
  -5.2189252e-01  -5.6021992e-01
  -8.0215629e-02  -5.5559437e-01
  -6.1704589e-02  -5.6227509e-01
  -7.9294168e-02  -5.3997073e-01
  -6.3041268e-02  -5.1832655e-01
  -7.8278767e-02  -4.7707220e-01
  -6.6277916e-02  -4.4591435e-01
  -7.3019580e-02  -3.9954291e-01
  -6.3314285e-02  -3.6417317e-01
  -7.0380555e-02  -3.3133540e-01
  -7.3206101e-02  -2.8684158e-01
  -6.0199756e-02  -2.5632448e-01
  -7.2156781e-02  -2.1987988e-01
  -7.7403185e-02  -1.9671127e-01
  -7.1470494e-02  -1.6306250e-01
  -8.1968723e-02  -1.4269549e-01
  -6.0237751e-02  -1.2591134e-01
  -7.7037832e-02  -9.5962169e-02
  -6.5285028e-02  -7.7677137e-02
  -6.2953690e-02  -5.7519231e-02
  -6.1082453e-02  -4.1492119e-02
  -6.9412945e-02  -3.3148577e-02
  -7.0386489e-02  -1.5619979e-02
  -7.8622560e-02  -7.4416839e-03
  -7.4363663e-02  -8.3821194e-03
  -7.9284982e-02   1.0003814e-02
  -8.3903499e-02   1.8188830e-02
  -6.2814424e-02   1.4535465e-02
  -6.5958505e-02   2.5715404e-02
  -6.3714513e-02   2.4602887e-02
  -7.5548732e-02   3.0208980e-02
  -7.7374130e-02   4.3019424e-02
  -6.5762699e-02   5.0570308e-02
  -8.3090267e-02   4.7254499e-02
  -8.3865069e-02   5.1712544e-02
  -6.2612360e-02   5.6773708e-02
  -6.8681024e-02   5.7208995e-02
  -6.3524517e-02   6.2838890e-02
  -7.6870051e-02   5.7253928e-02
  -7.5034261e-02   5.4510324e-02
  -6.5560060e-02   5.8469768e-02
  -6.8155932e-02   5.7610780e-02
  -7.8811076e-02   5.9980515e-02
  -6.4891785e-02   5.7813201e-02
  -7.1076236e-02   6.6896939e-02
  -6.4246587e-02   6.0614437e-02
  -6.0146822e-02   7.1458463e-02
  -8.0359075e-02   6.0985848e-02
  -7.9024188e-02   6.4778806e-02
  -6.6004041e-02   6.8312232e-02
  -7.5770124e-02   7.0460983e-02
  -8.1776526e-02   6.5935565e-02
  -7.1206404e-02   7.3042657e-02
  -8.3062354e-02   7.0562356e-02
  -6.5272304e-02   6.1655669e-02
  -8.0350476e-02   6.2659120e-02
  -7.9464449e-02   6.3916548e-02
  -7.2820504e-02   6.3209141e-02
  -6.2190224e-02   6.4658725e-02
  -7.3571134e-02   6.8025489e-02
  -8.1343475e-02   6.5594349e-02
  -7.8414525e-02   6.8855016e-02
  -7.6379181e-02   7.1838797e-02
  -8.0627849e-02   6.8526858e-02
  -7.8880531e-02   6.9673905e-02
  -6.4432414e-02   7.3894504e-02
  -7.1850411e-02   6.9235183e-02
  -6.6543712e-02   6.6433560e-02
  -7.7155369e-02   6.3476107e-02
  -8.1871493e-02   7.0657894e-02
   1.0900932e-02   6.4450831e-02
   4.6736954e-03   7.0088927e-02
   1.3649779e-02   6.0286254e-02
  -1.4853433e-04   5.8929474e-02
   1.2371805e-02   6.3499189e-02
   1.0727564e-03   5.1690612e-02
   1.2306297e-02   4.7909058e-02
   1.3543465e-02   4.9296477e-02
   1.1011615e-02   4.0171341e-02
   1.1191998e-02   3.5319757e-02
   1.5705863e-02   3.6605645e-02
   1.3664281e-02   2.1975197e-02
   6.2551205e-04   1.9748221e-02
   5.9700844e-04   2.1630548e-02
   2.2249067e-03   1.8902666e-02
   3.0626577e-03   1.2587469e-02
   1.1402800e-02   1.6742321e-02
   8.9741698e-03   3.9054557e-03
   7.8920794e-03   7.2947037e-03
   1.3844224e-02   6.4077514e-03
   7.3766713e-03   1.0261928e-02
  -2.6484398e-03  -2.2178355e-03
   8.0562428e-03  -4.7401269e-03
   4.2932587e-03  -1.0075892e-03
  -4.4294952e-03  -6.0482523e-03
   1.4509160e-02  -7.1802220e-04
   1.5486936e-02   1.7516279e-03
   3.4359298e-03   2.1879260e-03
  -9.9048169e-04  -7.6038270e-03
  -5.5542011e-03   2.3590752e-03
  -5.2711972e-03  -4.9268880e-04
   1.5417928e-02  -1.0834661e-02
  -2.5311318e-03  -5.6999512e-03
   6.6230409e-03  -5.4047792e-03
   1.1509245e-02  -5.2129194e-03
   1.5691618e-02  -3.2834817e-03
   1.5870666e-02  -6.7798921e-03
  -5.9818802e-03   6.1826769e-04
  -3.2602043e-03   2.1350889e-04
  -5.4330392e-03  -1.1842680e-02
   1.0912518e-03  -3.9947587e-03
   6.4196393e-03  -2.8757373e-03
   5.6371638e-03  -1.1466688e-02
   1.6738629e-02  -3.8837972e-03
   5.9000434e-03  -7.9482475e-03
   2.7588491e-04  -5.7724627e-03
   1.7767190e-02  -8.0275018e-03
   3.5492946e-03  -5.2149076e-03
  -3.0252681e-03  -1.1476444e-02
   1.7835800e-02  -7.3934199e-03
   1.6452426e-02  -2.4434608e-03
   2.4275616e-03  -2.9113722e-03
   1.2669907e-02  -5.5363496e-03
   6.9127409e-03  -1.2859420e-02
   7.0601721e-03  -7.8404369e-03
   6.7864682e-03  -4.5818372e-03
  -5.0880009e-03  -1.8066076e-03
   1.3475687e-02  -5.3100744e-03
   1.0620190e-02  -1.0028743e-02
   1.1307940e-02  -9.2569775e-03
   2.0536635e-04  -1.3455438e-02
   1.5503637e-02  -3.7756194e-03
  -1.2152357e-03  -1.0391241e-02
   8.6347201e-03  -1.3375464e-02
   1.7934919e-03  -1.3272886e-02
   4.2158798e-03  -3.9510542e-03
   4.2551357e-03  -1.3372762e-02
  -4.4700469e-03  -9.9934640e-03
   1.8181217e-03  -1.3337847e-02
   9.4239479e-01  -1.1618873e-02
   9.4666944e-01  -7.5219373e-03
   9.4443772e-01  -6.3953103e-02
   9.4601594e-01  -1.7028592e-01
   9.5276808e-01  -2.8768159e-01
   9.3580531e-01  -4.3718373e-01
   9.4546193e-01  -5.8735447e-01
   9.4402039e-01  -7.2982337e-01
   9.4268229e-01  -8.7670051e-01
   9.3673862e-01  -1.0112138e+00
   9.3258787e-01  -1.1534896e+00
   9.3244821e-01  -1.2728924e+00
   9.3386220e-01  -1.3887800e+00
   9.3857780e-01  -1.5008432e+00
   9.4628692e-01  -1.5993647e+00
   9.4920519e-01  -1.6792175e+00
   9.5289298e-01  -1.7624280e+00
   9.3215696e-01  -1.8268518e+00
   9.4918762e-01  -1.8977587e+00
   9.5437497e-01  -1.9489646e+00
   9.3496163e-01  -2.0054652e+00
   9.3203428e-01  -2.0563102e+00
   9.4949796e-01  -2.0887582e+00
   9.5456181e-01  -2.1309471e+00
   9.4188653e-01  -2.1566243e+00
   9.3604348e-01  -2.1865907e+00
   9.5400758e-01  -2.2089404e+00
   9.3960108e-01  -2.2322777e+00
   9.4508793e-01  -2.2625389e+00
   9.3268969e-01  -2.2784665e+00
   9.4764082e-01  -2.2946132e+00
   9.4668209e-01  -2.2983868e+00
   9.5209002e-01  -2.3097120e+00
   9.3771242e-01  -2.3249238e+00
   9.4425781e-01  -2.3409977e+00
   9.4962270e-01  -2.3475442e+00
   9.5174273e-01  -2.3520111e+00
   9.5259179e-01  -2.3534662e+00
   9.3859875e-01  -2.3643444e+00
   9.4258029e-01  -2.3639385e+00
   9.5351795e-01  -2.3648588e+00
   9.3304086e-01  -2.3763598e+00
   9.3878392e-01  -2.3841932e+00
   9.3413649e-01  -2.3758121e+00
   9.4767738e-01  -2.3806146e+00
   9.4408095e-01  -2.3877844e+00
   9.4686032e-01  -2.3899072e+00
   9.5517674e-01  -2.3962548e+00
   9.4578914e-01  -2.3841244e+00
   9.4192779e-01  -2.3918456e+00
   9.4422299e-01  -2.3931733e+00
   9.4414174e-01  -2.4014316e+00
   9.4800759e-01  -2.3963016e+00
   9.4139480e-01  -2.3951681e+00
   9.3502712e-01  -2.3994332e+00
   9.3982361e-01  -2.3992112e+00
   9.3505489e-01  -2.3935190e+00
   9.4467114e-01  -2.3995678e+00
   9.3567114e-01  -2.3929698e+00
   9.4569178e-01  -2.3959908e+00
   9.5565727e-01  -2.4031790e+00
   9.4143794e-01  -2.3994091e+00
   9.5301783e-01  -2.4056435e+00
   9.4526607e-01  -2.4045300e+00
   9.4440168e-01  -2.3947135e+00
   9.4835127e-01  -2.4029050e+00
   9.3439151e-01  -2.4016840e+00
   9.3861097e-01  -2.3963391e+00
   9.3687324e-01  -2.4012654e+00
   3.9189895e-01  -2.4073130e+00
   3.8415609e-01  -2.4071783e+00
   3.9029512e-01  -2.3681621e+00
   3.8129505e-01  -2.3097126e+00
   3.9132917e-01  -2.2321004e+00
   3.8529100e-01  -2.1456996e+00
   3.8306340e-01  -2.0534544e+00
   3.7669564e-01  -1.9678022e+00
   3.9191381e-01  -1.8763352e+00
   3.8350804e-01  -1.8018192e+00
   3.9405699e-01  -1.7148729e+00
   3.7948251e-01  -1.6420452e+00
   3.9604015e-01  -1.5756590e+00
   3.9741710e-01  -1.5186521e+00
   3.9018723e-01  -1.4495151e+00
   3.9474120e-01  -1.3958356e+00
   3.7755053e-01  -1.3559501e+00
   3.8180757e-01  -1.3043654e+00
   3.9715968e-01  -1.2661592e+00
   3.7753159e-01  -1.2309478e+00
   3.9830690e-01  -1.2068405e+00
   3.7643072e-01  -1.1725332e+00
   3.9386432e-01  -1.1520577e+00
   3.7782125e-01  -1.1364058e+00
   3.9122713e-01  -1.1078909e+00
   3.8073540e-01  -1.0927174e+00
   3.8404127e-01  -1.0858180e+00
   3.9063571e-01  -1.0650234e+00
   3.7653300e-01  -1.0625751e+00
   3.9606526e-01  -1.0474058e+00
   3.7880754e-01  -1.0303756e+00
   3.8451471e-01  -1.0313718e+00
   3.7980839e-01  -1.0194343e+00
   3.7542221e-01  -1.0170549e+00
   3.9526349e-01  -1.0028342e+00
   3.8499838e-01  -1.0083113e+00
   3.8413288e-01  -1.0046962e+00
   3.9630960e-01  -1.0009453e+00
   3.7896537e-01  -9.9444189e-01
   3.9141497e-01  -9.9281708e-01
   3.9284087e-01  -9.8173109e-01
   3.8063072e-01  -9.9260043e-01
   3.7602700e-01  -9.8895300e-01
   3.9769950e-01  -9.8284047e-01
   3.9278992e-01  -9.8174524e-01
   3.8985667e-01  -9.8009380e-01
   3.7798415e-01  -9.8185277e-01
   3.9523567e-01  -9.7947065e-01
   3.8431290e-01  -9.7597609e-01
   3.9616889e-01  -9.7218137e-01
   3.8720323e-01  -9.7591149e-01
   3.7492235e-01  -9.7488395e-01
   3.8257042e-01  -9.7717935e-01
   3.7954008e-01  -9.7865014e-01
   3.9079284e-01  -9.7573467e-01
   3.7539693e-01  -9.7930286e-01
   3.8850246e-01  -9.6889819e-01
   3.7775364e-01  -9.7495034e-01
   3.8498520e-01  -9.7836938e-01
   3.7658519e-01  -9.7850126e-01
   3.7833074e-01  -9.7329492e-01
   3.9693600e-01  -9.7238614e-01
   3.9263318e-01  -9.6744601e-01
   3.8800495e-01  -9.7639140e-01
   3.9787599e-01  -9.7705865e-01
   3.8974742e-01  -9.7356884e-01
   3.8018045e-01  -9.6417301e-01
   3.7797123e-01  -9.7726648e-01
   3.9489647e-01  -9.6751707e-01
  -8.0948952e-01  -9.7027411e-01
  -8.0408006e-01  -9.7223093e-01
  -8.2323501e-01  -9.9129535e-01
  -8.2310671e-01  -1.0383270e+00
  -8.1267228e-01  -1.0833460e+00
  -8.2606723e-01  -1.1402225e+00
  -8.2412072e-01  -1.1991007e+00
  -8.0386386e-01  -1.2591178e+00
  -8.2192414e-01  -1.3198177e+00
  -8.0242775e-01  -1.3765701e+00
  -8.0582139e-01  -1.4159444e+00
  -8.2379846e-01  -1.4665460e+00
  -8.1527072e-01  -1.5149717e+00
  -8.2181773e-01  -1.5531157e+00
  -8.2089618e-01  -1.5968386e+00
  -8.0493913e-01  -1.6331024e+00
  -8.1107286e-01  -1.6642819e+00
  -8.2503311e-01  -1.6970463e+00
  -8.2329641e-01  -1.7231692e+00
  -8.1574916e-01  -1.7389189e+00
  -8.1042173e-01  -1.7631522e+00
  -8.1753237e-01  -1.7771623e+00
  -8.1067377e-01  -1.7931014e+00
  -8.2550873e-01  -1.8074079e+00
  -8.1684488e-01  -1.8240097e+00
  -8.1882163e-01  -1.8318502e+00
  -8.0451583e-01  -1.8362904e+00
  -8.1878312e-01  -1.8558000e+00
  -8.1364555e-01  -1.8583698e+00
  -8.2359753e-01  -1.8639568e+00
  -8.1021773e-01  -1.8764942e+00
  -8.1730569e-01  -1.8778917e+00
  -8.2409157e-01  -1.8807496e+00
  -8.0894847e-01  -1.8880319e+00
  -8.0324388e-01  -1.8838826e+00
  -8.0922938e-01  -1.8946835e+00
  -8.1034705e-01  -1.8986348e+00
  -8.0943587e-01  -1.9058208e+00
  -8.0865607e-01  -1.9060682e+00
  -8.0270845e-01  -1.8986356e+00
  -8.2277222e-01  -1.9083039e+00
  -8.2120594e-01  -1.9108629e+00
  -8.0870702e-01  -1.9007981e+00
  -8.2057923e-01  -1.9030061e+00
  -8.0967325e-01  -1.9108152e+00
  -8.1462126e-01  -1.9113247e+00
  -8.0554153e-01  -1.9088307e+00
  -8.1265971e-01  -1.9064248e+00
  -8.0530873e-01  -1.9059544e+00
  -8.1845396e-01  -1.9148410e+00
  -8.1934432e-01  -1.9106801e+00
  -8.0420843e-01  -1.9088464e+00
  -8.2522885e-01  -1.9203445e+00
  -8.0513658e-01  -1.9147027e+00
  -8.1882801e-01  -1.9089118e+00
  -8.1741810e-01  -1.9113208e+00
  -8.2084158e-01  -1.9217390e+00
  -8.0436133e-01  -1.9151498e+00
  -8.1448163e-01  -1.9171132e+00
  -8.2533140e-01  -1.9197443e+00
  -8.2134101e-01  -1.9177033e+00
  -8.0426424e-01  -1.9191484e+00
  -8.2325206e-01  -1.9215740e+00
  -8.1683847e-01  -1.9181902e+00
  -8.2622895e-01  -1.9198831e+00
  -8.0249768e-01  -1.9131894e+00
  -8.1528821e-01  -1.9165269e+00
  -8.1576133e-01  -1.9197602e+00
  -8.2617114e-01  -1.9199967e+00
  -2.5346645e-02  -1.9157507e+00
  -2.2537815e-02  -1.9223010e+00
  -2.0485282e-02  -1.8698432e+00
  -2.7271698e-02  -1.7909566e+00
  -2.1234905e-02  -1.6801036e+00
  -1.3056082e-02  -1.5712891e+00
  -2.9291205e-02  -1.4487634e+00
  -2.3456695e-02  -1.3286917e+00
  -2.5084236e-02  -1.2134897e+00
  -1.3499605e-02  -1.0939082e+00
  -2.1689976e-02  -9.8776636e-01
  -3.2239743e-02  -8.8833442e-01
  -1.5449539e-02  -7.9688062e-01
  -1.7566212e-02  -7.0374594e-01
  -1.6179342e-02  -6.3659735e-01
  -1.4872156e-02  -5.5549069e-01
  -2.4018844e-02  -4.8931593e-01
  -1.6938655e-02  -4.3915178e-01
  -1.6789856e-02  -3.8478581e-01
  -1.1998233e-02  -3.3243372e-01
  -2.9011782e-02  -2.9194437e-01
  -2.0261294e-02  -2.6208493e-01
  -3.3091669e-02  -2.2404324e-01
  -1.4218842e-02  -1.9253286e-01
  -2.6354445e-02  -1.7234823e-01
  -1.7168341e-02  -1.4244437e-01
  -2.1202311e-02  -1.2346647e-01
  -1.2273733e-02  -1.1398752e-01
  -2.2914325e-02  -9.2144069e-02
  -1.6204964e-02  -8.3202587e-02
  -2.1559177e-02  -5.9178470e-02
  -2.9520575e-02  -5.7605105e-02
  -3.3578280e-02  -3.9219787e-02
  -3.1739133e-02  -3.7327688e-02
  -2.0764467e-02  -3.2194261e-02
  -2.1528777e-02  -2.0038279e-02
  -3.1282055e-02  -1.6581178e-02
  -1.9634733e-02  -1.7140424e-02
  -1.5841999e-02   5.4451345e-04
  -1.8304662e-02   4.4497396e-03
  -1.6045721e-02   5.8976488e-04
  -2.6923579e-02  -3.9052161e-04
  -3.2207009e-02   7.2365526e-03
  -2.0506552e-02   1.4475482e-02
  -2.8754432e-02   1.1688371e-02
  -2.9998910e-02   9.0482981e-03
  -2.1634647e-02   1.9373283e-02
  -1.0595584e-02   1.9757859e-02
  -1.0464710e-02   1.6820537e-02
  -3.3163904e-02   1.8088657e-02
  -1.8707804e-02   1.4028672e-02
  -2.0968385e-02   1.4641893e-02
  -1.7680537e-02   2.0336789e-02
  -1.0338491e-02   2.5354572e-02
  -2.4213870e-02   2.7262509e-02
  -1.2772944e-02   1.9269883e-02
  -3.0680080e-02   1.8437236e-02
  -2.2265964e-02   2.1908944e-02
  -2.1979144e-02   2.4096616e-02
  -1.6652786e-02   1.8862196e-02
  -3.3436184e-02   2.1708410e-02
  -2.6093880e-02   1.9977297e-02
  -1.8494524e-02   1.7622376e-02
  -1.0210624e-02   2.7429933e-02
  -2.8761619e-02   3.1525836e-02
  -2.2307014e-02   2.1870475e-02
  -1.8040296e-02   2.5416915e-02
  -2.5804448e-02   2.9098134e-02
  -2.8607766e-02   2.8200312e-02
  -8.2420028e-01   2.6008838e-02
  -8.1308251e-01   2.2288455e-02
  -8.1263351e-01  -2.0524743e-02
  -8.1948645e-01  -1.1403410e-01
  -8.1424267e-01  -2.0801880e-01
  -8.1603365e-01  -3.3397124e-01
  -8.1290783e-01  -4.5959715e-01
  -8.2233342e-01  -5.7082410e-01
  -8.2945558e-01  -6.9931239e-01
  -8.3356972e-01  -8.1116949e-01
  -8.3027390e-01  -9.2111365e-01
  -8.1204635e-01  -1.0229348e+00
  -8.3425828e-01  -1.1277848e+00
  -8.3263896e-01  -1.2129575e+00
  -8.3042687e-01  -1.2911971e+00
  -8.3063729e-01  -1.3709237e+00
  -8.3224169e-01  -1.4404191e+00
  -8.1608430e-01  -1.4934018e+00
  -8.1872187e-01  -1.5459200e+00
  -8.1631187e-01  -1.5909321e+00
  -8.2573499e-01  -1.6313554e+00
  -8.1837561e-01  -1.6810528e+00
  -8.1708357e-01  -1.7138694e+00
  -8.2925704e-01  -1.7402174e+00
  -8.1366936e-01  -1.7696145e+00
  -8.2095118e-01  -1.7911618e+00
  -8.1959019e-01  -1.8155037e+00
  -8.1609692e-01  -1.8306596e+00
  -8.3213952e-01  -1.8544696e+00
  -8.2451078e-01  -1.8688000e+00
  -8.2671450e-01  -1.8815257e+00
  -8.1570889e-01  -1.8905782e+00
  -8.1988972e-01  -1.8976031e+00
  -8.3307180e-01  -1.9097077e+00
  -8.2303238e-01  -1.9192445e+00
  -8.3393675e-01  -1.9213741e+00
  -8.2785486e-01  -1.9285753e+00
  -8.1987229e-01  -1.9301923e+00
  -8.3414467e-01  -1.9397153e+00
  -8.2288868e-01  -1.9350472e+00
  -8.3530382e-01  -1.9474323e+00
  -8.1786392e-01  -1.9440382e+00
  -8.2199348e-01  -1.9514035e+00
  -8.1960519e-01  -1.9489857e+00
  -8.1407256e-01  -1.9503214e+00
  -8.3392865e-01  -1.9510328e+00
  -8.3268741e-01  -1.9621434e+00
  -8.3198232e-01  -1.9513160e+00
  -8.1380857e-01  -1.9622429e+00
  -8.1581406e-01  -1.9653227e+00
  -8.1580392e-01  -1.9583009e+00
  -8.1318191e-01  -1.9595936e+00
  -8.3099050e-01  -1.9655144e+00
  -8.3417106e-01  -1.9631507e+00
  -8.2660760e-01  -1.9662155e+00
  -8.3344783e-01  -1.9673063e+00
  -8.2001947e-01  -1.9640471e+00
  -8.2016274e-01  -1.9686738e+00
  -8.1552047e-01  -1.9662587e+00
  -8.3098729e-01  -1.9685246e+00
  -8.2139651e-01  -1.9628966e+00
  -8.1871676e-01  -1.9612719e+00
  -8.2668820e-01  -1.9649230e+00
  -8.2491953e-01  -1.9616606e+00
  -8.2328349e-01  -1.9671964e+00
  -8.3013133e-01  -1.9627182e+00
  -8.1303693e-01  -1.9639019e+00
  -8.2116200e-01  -1.9699473e+00
  -8.3178522e-01  -1.9619185e+00
   2.3849277e-01  -1.9716924e+00
   2.4320100e-01  -1.9658139e+00
   2.4535894e-01  -1.9335859e+00
   2.3782943e-01  -1.8694741e+00
   2.4948835e-01  -1.8000292e+00
   2.3325983e-01  -1.7049428e+00
   2.3646614e-01  -1.6161171e+00
   2.5515471e-01  -1.5338928e+00
   2.4009990e-01  -1.4468158e+00
   2.4171123e-01  -1.3544584e+00
   2.4812385e-01  -1.2777494e+00
   2.3587883e-01  -1.2013916e+00
   2.4144305e-01  -1.1320734e+00
   2.4081915e-01  -1.0661094e+00
   2.3405479e-01  -1.0052750e+00
   2.4749391e-01  -9.5644012e-01
   2.3601780e-01  -9.0882758e-01
   2.5473802e-01  -8.6857991e-01
   2.5310926e-01  -8.2133196e-01
   2.4585098e-01  -7.9037126e-01
   2.3162300e-01  -7.5684088e-01
   2.3816133e-01  -7.2572414e-01
   2.4706947e-01  -7.0070794e-01
   2.3927552e-01  -6.7845915e-01
   2.4959835e-01  -6.6897461e-01
   2.3267247e-01  -6.4181091e-01
   2.3937333e-01  -6.3192087e-01
   2.4656641e-01  -6.2181651e-01
   2.4566345e-01  -6.0977248e-01
   2.3352425e-01  -5.8980988e-01
   2.4177684e-01  -5.9064097e-01
   2.4341400e-01  -5.7551534e-01
   2.3757728e-01  -5.7152974e-01
   2.5326775e-01  -5.5796029e-01
   2.4812325e-01  -5.5503064e-01
   2.4821289e-01  -5.5339730e-01
   2.3221382e-01  -5.5186438e-01
   2.4569248e-01  -5.4665793e-01
   2.4508817e-01  -5.4910546e-01
   2.4534822e-01  -5.3880027e-01
   2.4885883e-01  -5.4206807e-01
   2.4445518e-01  -5.4053766e-01
   2.4142932e-01  -5.3350562e-01
   2.4331864e-01  -5.2825218e-01
   2.4841523e-01  -5.2774745e-01
   2.4173083e-01  -5.2739477e-01
   2.3705238e-01  -5.2154664e-01
   2.4785257e-01  -5.2858760e-01
   2.4797483e-01  -5.2744706e-01
   2.4837763e-01  -5.2385595e-01
   2.4262154e-01  -5.2918981e-01
   2.3724163e-01  -5.1980417e-01
   2.3353117e-01  -5.2212661e-01
   2.3317259e-01  -5.2623675e-01
   2.3851153e-01  -5.2313866e-01
   2.4334871e-01  -5.1729341e-01
   2.3671478e-01  -5.1798814e-01
   2.5055938e-01  -5.2712630e-01
   2.3683818e-01  -5.2383889e-01
   2.3640747e-01  -5.2178286e-01
   2.4828279e-01  -5.2408065e-01
   2.3731831e-01  -5.1592773e-01
   2.4877412e-01  -5.2200179e-01
   2.4847868e-01  -5.1736965e-01
   2.3806071e-01  -5.2263997e-01
   2.3180208e-01  -5.1401999e-01
   2.3726844e-01  -5.2330135e-01
   2.5097477e-01  -5.1290116e-01
   2.4331290e-01  -5.1953030e-01
  -7.6707839e-02  -5.1979079e-01
  -7.6483644e-02  -5.2233258e-01
  -8.5766044e-02  -4.9941343e-01
  -9.0790390e-02  -4.8559012e-01
  -7.4020645e-02  -4.5195355e-01
  -8.7246054e-02  -4.0869704e-01
  -9.4770532e-02  -3.7539274e-01
  -7.2037164e-02  -3.4115056e-01
  -8.3400039e-02  -3.0649008e-01
  -7.6150514e-02  -2.6685479e-01
  -8.6941319e-02  -2.3915556e-01
  -7.7609482e-02  -2.0924236e-01
  -7.6115921e-02  -1.8231559e-01
  -7.3888011e-02  -1.5495528e-01
  -7.2903913e-02  -1.2826814e-01
  -8.8673233e-02  -1.0717013e-01
  -7.9414960e-02  -7.9691039e-02
  -7.2070933e-02  -5.9656119e-02
  -8.8467757e-02  -4.6558539e-02
  -9.2911752e-02  -2.8671159e-02
  -8.8050330e-02  -2.5506328e-02
  -8.7862385e-02  -1.7283004e-02
  -8.3513774e-02   7.5283138e-04
  -7.6704948e-02   1.1389970e-02
  -9.0795945e-02   9.8076393e-03
  -8.0477750e-02   2.6605993e-02
  -8.0612276e-02   2.8885660e-02
  -7.1660373e-02   3.3246583e-02
  -7.5551635e-02   4.2498325e-02
  -8.6485776e-02   3.8583869e-02
  -8.4363963e-02   4.7893188e-02
  -9.1092232e-02   4.7641728e-02
  -7.2565680e-02   5.9307912e-02
  -7.9711584e-02   5.4990250e-02
  -8.7958930e-02   5.6122383e-02
  -7.6921719e-02   6.5128468e-02
  -8.2323800e-02   5.9910130e-02
  -7.4979789e-02   6.9562519e-02
  -7.5204041e-02   7.0513943e-02
  -8.6798258e-02   7.1868858e-02
  -7.4357480e-02   7.1638538e-02
  -7.5014178e-02   6.4802038e-02
  -9.3683879e-02   7.1225468e-02
  -8.9362123e-02   6.6414081e-02
  -8.4707895e-02   6.5098367e-02
  -7.1857371e-02   7.4747577e-02
  -9.2779537e-02   7.5227429e-02
  -9.2811358e-02   6.8136989e-02
  -7.1815730e-02   7.9881189e-02
  -8.8771616e-02   6.9972108e-02
  -7.8368670e-02   8.0622994e-02
  -8.4635557e-02   7.7906023e-02
  -8.9521534e-02   6.9644063e-02
  -7.6021465e-02   7.3903232e-02
  -7.7132531e-02   7.6180447e-02
  -8.7038210e-02   7.0988459e-02
  -9.3828383e-02   7.8213853e-02
  -7.3315092e-02   7.7490503e-02
  -7.2128163e-02   7.3981064e-02
  -9.1546755e-02   7.0262604e-02
  -8.5439316e-02   7.7195493e-02
  -8.4728858e-02   6.8916196e-02
  -9.0305395e-02   7.6536601e-02
  -7.5607007e-02   8.2079809e-02
  -8.0753623e-02   7.7278913e-02
  -8.4827442e-02   7.2730481e-02
  -8.9255565e-02   7.7176523e-02
  -9.3402902e-02   6.9936812e-02
  -9.3983624e-02   7.4834783e-02
  -7.5187903e-01   7.5975921e-02
  -7.5921353e-01   8.0119308e-02
  -7.5331278e-01   2.8276387e-02
  -7.5697660e-01  -3.6898124e-02
  -7.6016617e-01  -1.2176007e-01
  -7.5929351e-01  -2.2605858e-01
  -7.6607985e-01  -3.3856789e-01
  -7.7421830e-01  -4.3470788e-01
  -7.5319968e-01  -5.4755378e-01
  -7.5192125e-01  -6.5167416e-01
  -7.5948174e-01  -7.3946643e-01
  -7.6653348e-01  -8.3335560e-01
  -7.6648412e-01  -9.1052463e-01
  -7.5670654e-01  -9.8158451e-01
  -7.5397963e-01  -1.0519054e+00
  -7.5206779e-01  -1.1268797e+00
  -7.7272036e-01  -1.1779430e+00
  -7.6061235e-01  -1.2242871e+00
  -7.7184397e-01  -1.2713999e+00
  -7.5943927e-01  -1.3130019e+00
  -7.6698623e-01  -1.3530011e+00
  -7.5841647e-01  -1.3862317e+00
  -7.6394047e-01  -1.4135651e+00
  -7.5847532e-01  -1.4458738e+00
  -7.5231030e-01  -1.4637868e+00
  -7.5528802e-01  -1.4891815e+00
  -7.5829436e-01  -1.5042636e+00
  -7.7213944e-01  -1.5206398e+00
  -7.5548465e-01  -1.5339362e+00
  -7.6228794e-01  -1.5505436e+00
  -7.7413273e-01  -1.5538899e+00
  -7.7336042e-01  -1.5594540e+00
  -7.5350581e-01  -1.5678260e+00
  -7.5041852e-01  -1.5812264e+00
  -7.5627847e-01  -1.5859393e+00
  -7.5856995e-01  -1.5872093e+00
  -7.6916387e-01  -1.5934767e+00
  -7.7369261e-01  -1.5967399e+00
  -7.6308861e-01  -1.6123773e+00
  -7.5155549e-01  -1.6112666e+00
  -7.6400396e-01  -1.6097410e+00
  -7.6425696e-01  -1.6171427e+00
  -7.6691753e-01  -1.6160656e+00
  -7.5072291e-01  -1.6211319e+00
  -7.6940205e-01  -1.6252766e+00
  -7.6473955e-01  -1.6247625e+00
  -7.6089782e-01  -1.6187842e+00
  -7.5445924e-01  -1.6210897e+00
  -7.7174613e-01  -1.6230117e+00
  -7.6732568e-01  -1.6345341e+00
  -7.5058664e-01  -1.6317850e+00
  -7.6206716e-01  -1.6240174e+00
  -7.7288421e-01  -1.6252914e+00
  -7.5555264e-01  -1.6248150e+00
  -7.7230125e-01  -1.6325168e+00
  -7.7118397e-01  -1.6269049e+00
  -7.6300393e-01  -1.6285419e+00
  -7.6373596e-01  -1.6392175e+00
  -7.5829675e-01  -1.6328401e+00
  -7.5339102e-01  -1.6397101e+00
  -7.6697480e-01  -1.6276364e+00
  -7.5148360e-01  -1.6349194e+00
  -7.5738419e-01  -1.6307202e+00
  -7.6209275e-01  -1.6303791e+00
  -7.6230536e-01  -1.6317691e+00
  -7.5838722e-01  -1.6328474e+00
  -7.7080517e-01  -1.6403218e+00
  -7.5093402e-01  -1.6298335e+00
  -7.6332022e-01  -1.6294644e+00
  -8.6794649e-01  -1.6375576e+00
  -8.7839780e-01  -1.6308027e+00
  -8.6740478e-01  -1.6428712e+00
  -8.5612749e-01  -1.6685894e+00
  -8.7314762e-01  -1.7061619e+00
  -8.6393813e-01  -1.7428566e+00
  -8.5560059e-01  -1.7796341e+00
  -8.5942393e-01  -1.8098914e+00
  -8.6962349e-01  -1.8517819e+00
  -8.6304915e-01  -1.8761117e+00
  -8.6878687e-01  -1.9077912e+00
  -8.6826356e-01  -1.9496058e+00
  -8.5998642e-01  -1.9774414e+00
  -8.6543057e-01  -1.9975774e+00
  -8.7700016e-01  -2.0247783e+00
  -8.5625552e-01  -2.0459770e+00
  -8.5731400e-01  -2.0538994e+00
  -8.5712452e-01  -2.0723889e+00
  -8.7503556e-01  -2.0975228e+00
  -8.6894425e-01  -2.1137430e+00
  -8.7082326e-01  -2.1222331e+00
  -8.6636362e-01  -2.1373017e+00
  -8.6684109e-01  -2.1359621e+00
  -8.6320465e-01  -2.1485268e+00
  -8.6608328e-01  -2.1603531e+00
  -8.6212549e-01  -2.1716669e+00
  -8.6203055e-01  -2.1766897e+00
  -8.6022081e-01  -2.1713343e+00
  -8.6095373e-01  -2.1860978e+00
  -8.6594440e-01  -2.1893572e+00
  -8.5768187e-01  -2.1879274e+00
  -8.6790845e-01  -2.1947068e+00
  -8.5872010e-01  -2.1952762e+00
  -8.6080424e-01  -2.2032663e+00
  -8.7469719e-01  -2.1971638e+00
  -8.5811056e-01  -2.1997610e+00
  -8.6864175e-01  -2.1993922e+00
  -8.7437276e-01  -2.2065131e+00
  -8.6215371e-01  -2.2023711e+00
  -8.7219723e-01  -2.2071035e+00
  -8.7067035e-01  -2.2159076e+00
  -8.7077644e-01  -2.2058615e+00
  -8.5960970e-01  -2.2116794e+00
  -8.6120918e-01  -2.2106571e+00
  -8.6305606e-01  -2.2059230e+00
  -8.7425208e-01  -2.2123674e+00
  -8.5878859e-01  -2.2070142e+00
  -8.5544714e-01  -2.2102355e+00
  -8.6565045e-01  -2.2125418e+00
  -8.5731097e-01  -2.2140432e+00
  -8.5779534e-01  -2.2137543e+00
  -8.7106297e-01  -2.2116950e+00
  -8.7085953e-01  -2.2134093e+00
  -8.6750841e-01  -2.2137150e+00
  -8.5794653e-01  -2.2107943e+00
  -8.6828993e-01  -2.2192738e+00
  -8.6404142e-01  -2.2187370e+00
  -8.7512026e-01  -2.2143346e+00
  -8.5859645e-01  -2.2161292e+00
  -8.7829131e-01  -2.2176326e+00
  -8.6520195e-01  -2.2210730e+00
  -8.7675324e-01  -2.2194043e+00
  -8.7284766e-01  -2.2156334e+00
  -8.7685756e-01  -2.2143849e+00
  -8.5840648e-01  -2.2148910e+00
  -8.7757695e-01  -2.2095452e+00
  -8.7267677e-01  -2.2147965e+00
  -8.7617072e-01  -2.2207110e+00
  -8.5912031e-01  -2.2140426e+00
  -2.8595688e-02  -2.2188962e+00
  -2.9191122e-02  -2.2166215e+00
  -2.0934772e-02  -2.1650908e+00
  -1.7560857e-02  -2.0674658e+00
  -2.1654860e-02  -1.9536689e+00
  -3.1466989e-02  -1.8193985e+00
  -2.5950355e-02  -1.6705027e+00
  -2.5218840e-02  -1.5302946e+00
  -2.3955082e-02  -1.3951866e+00
  -3.8855881e-02  -1.2740481e+00
  -2.7912730e-02  -1.1430056e+00
  -3.2168488e-02  -1.0223731e+00
  -2.0178470e-02  -9.1746088e-01
  -2.5703679e-02  -8.1981247e-01
  -2.2827599e-02  -7.2574167e-01
  -2.6685633e-02  -6.4290009e-01
  -2.9758824e-02  -5.7513590e-01
  -3.8928792e-02  -5.0489844e-01
  -1.8405362e-02  -4.4814483e-01
  -2.3905071e-02  -3.9216444e-01
  -2.2611967e-02  -3.3630207e-01
  -3.3864618e-02  -3.0075826e-01
  -1.8027706e-02  -2.6501874e-01
  -3.1058783e-02  -2.2010163e-01
  -3.5862193e-02  -1.9701540e-01
  -2.3623715e-02  -1.6897993e-01
  -3.4272556e-02  -1.4092631e-01
  -3.3579529e-02  -1.2717449e-01
  -3.9705426e-02  -9.8674522e-02
  -1.6878516e-02  -9.0053849e-02
  -3.9108299e-02  -7.6722951e-02
  -3.5199929e-02  -6.6852167e-02
  -3.7127226e-02  -5.0237295e-02
  -1.9647473e-02  -4.1824694e-02
  -2.3420419e-02  -3.6474289e-02
  -3.0093010e-02  -1.5905855e-02
  -1.5916678e-02  -1.9963212e-02
  -3.0341080e-02  -1.0504891e-02
  -2.3317226e-02  -5.0619015e-03
  -1.6035248e-02  -1.5494014e-04
  -2.8374679e-02   9.9731822e-04
  -2.0375194e-02   1.1122740e-02
  -3.7355082e-02   1.5094138e-02
  -2.7936796e-02   1.1397828e-02
  -2.4330638e-02   1.7260836e-02
  -2.3548358e-02   2.2375431e-02
  -2.4673329e-02   1.7867371e-02
  -3.1391160e-02   1.4318600e-02
  -3.9687362e-02   2.2757730e-02
  -3.7386212e-02   2.4521219e-02
  -3.3545512e-02   1.9108073e-02
  -2.8787424e-02   2.5237068e-02
  -2.6275469e-02   2.4120235e-02
  -1.7249358e-02   3.2167590e-02
  -2.4661149e-02   3.2635812e-02
  -2.3683190e-02   2.6358817e-02
  -3.0415325e-02   2.5505919e-02
  -3.5122676e-02   2.5827182e-02
  -2.0008704e-02   3.5477553e-02
  -3.4020291e-02   2.3021312e-02
  -2.9519926e-02   2.7100218e-02
  -3.4382858e-02   3.6254081e-02
  -3.7983322e-02   3.2978777e-02
  -1.7736586e-02   3.3419716e-02
  -3.5345456e-02   3.5108991e-02
  -2.9917758e-02   3.6327513e-02
  -1.8817763e-02   3.3115874e-02
  -3.6398441e-02   3.4309656e-02
  -3.8624186e-02   2.5646536e-02
   6.9679857e-01   2.7137583e-02
   7.0578734e-01   3.0860593e-02
   6.9794104e-01  -1.7629153e-02
   7.0730016e-01  -1.1008302e-01
   6.9496140e-01  -2.1223480e-01
   6.9383322e-01  -3.3409777e-01
   6.8935559e-01  -4.5204792e-01
   6.8535026e-01  -5.8562915e-01
   7.0367050e-01  -7.0689552e-01
   6.9017116e-01  -8.2726121e-01
   6.9401191e-01  -9.3906952e-01
   6.9016805e-01  -1.0443373e+00
   6.8704633e-01  -1.1345093e+00
   7.0018885e-01  -1.2289590e+00
   6.9499467e-01  -1.3022914e+00
   7.0592669e-01  -1.3834776e+00
   7.0687486e-01  -1.4444617e+00
   6.9394151e-01  -1.5057390e+00
   7.0624453e-01  -1.5716922e+00
   6.8462092e-01  -1.6131687e+00
   6.9521098e-01  -1.6589464e+00
   6.9667624e-01  -1.7012585e+00
   6.9298993e-01  -1.7283392e+00
   6.9550293e-01  -1.7553104e+00
   7.0184294e-01  -1.7876477e+00
   6.9291669e-01  -1.8159889e+00
   7.0331720e-01  -1.8279683e+00
   7.0320557e-01  -1.8478839e+00
   6.8675158e-01  -1.8675345e+00
   7.0666748e-01  -1.8832522e+00
   7.0752931e-01  -1.9023476e+00
   6.9750668e-01  -1.9055778e+00
   6.9893598e-01  -1.9197288e+00
   6.9018605e-01  -1.9308322e+00
   6.9208860e-01  -1.9365397e+00
   6.9172827e-01  -1.9423150e+00
   6.9313105e-01  -1.9552633e+00
   7.0257062e-01  -1.9602302e+00
   6.9032372e-01  -1.9543193e+00
   7.0732454e-01  -1.9636893e+00
   6.9523301e-01  -1.9630899e+00
   6.9128885e-01  -1.9671535e+00
   6.8611770e-01  -1.9763860e+00
   7.0821453e-01  -1.9718615e+00
   6.9334197e-01  -1.9761851e+00
   6.9237068e-01  -1.9841405e+00
   7.0661238e-01  -1.9825058e+00
   7.0192730e-01  -1.9794669e+00
   6.9568501e-01  -1.9873978e+00
   6.9703049e-01  -1.9828697e+00
   6.9596614e-01  -1.9833977e+00
   7.0693847e-01  -1.9819758e+00
   7.0574165e-01  -1.9868563e+00
   6.8454500e-01  -1.9840077e+00
   6.8450106e-01  -1.9931376e+00
   6.9638940e-01  -1.9827411e+00
   7.0078908e-01  -1.9870655e+00
   6.9778065e-01  -1.9945469e+00
   7.0417155e-01  -1.9963094e+00
   6.8561756e-01  -1.9828391e+00
   6.8746567e-01  -1.9917873e+00
   7.0165306e-01  -1.9834554e+00
   7.0558958e-01  -1.9952137e+00
   6.9629479e-01  -1.9894918e+00
   6.9408694e-01  -1.9911222e+00
   7.0095516e-01  -1.9850722e+00
   6.9468497e-01  -1.9897923e+00
   6.9584207e-01  -1.9954607e+00
   7.0670828e-01  -1.9929175e+00
   8.8671409e-01  -1.9907719e+00
   9.0165377e-01  -1.9933152e+00
   9.0192844e-01  -2.0036332e+00
   9.0072063e-01  -2.0154501e+00
   8.8648406e-01  -2.0391345e+00
   8.8874873e-01  -2.0642921e+00
   8.8230994e-01  -2.0881660e+00
   8.9733205e-01  -2.1130966e+00
   9.0125010e-01  -2.1373073e+00
   9.0365653e-01  -2.1581261e+00
   8.8527639e-01  -2.1738136e+00
   8.9354159e-01  -2.1874007e+00
   9.0066531e-01  -2.2111034e+00
   8.9060748e-01  -2.2345574e+00
   8.9918746e-01  -2.2415430e+00
   8.9014082e-01  -2.2550106e+00
   9.0265688e-01  -2.2655479e+00
   8.8956807e-01  -2.2820922e+00
   9.0196338e-01  -2.2941271e+00
   8.9893110e-01  -2.3003161e+00
   8.8293488e-01  -2.3138689e+00
   8.9669209e-01  -2.3138203e+00
   8.8863275e-01  -2.3275676e+00
   8.9499167e-01  -2.3354079e+00
   8.8315276e-01  -2.3375286e+00
   8.8321356e-01  -2.3427053e+00
   8.8854995e-01  -2.3415259e+00
   9.0167311e-01  -2.3449585e+00
   8.9451584e-01  -2.3500185e+00
   8.8522884e-01  -2.3577361e+00
   8.9449126e-01  -2.3513531e+00
   8.8932006e-01  -2.3552374e+00
   8.9529723e-01  -2.3556330e+00
   9.0243872e-01  -2.3658829e+00
   8.9034840e-01  -2.3671802e+00
   8.9579037e-01  -2.3684929e+00
   8.9477823e-01  -2.3597603e+00
   8.8970093e-01  -2.3621127e+00
   9.0325153e-01  -2.3663470e+00
   8.9623502e-01  -2.3728555e+00
   8.8657038e-01  -2.3632855e+00
   8.9855734e-01  -2.3668039e+00
   8.8103363e-01  -2.3725518e+00
   9.0130241e-01  -2.3649793e+00
   9.0028786e-01  -2.3783665e+00
   8.8460984e-01  -2.3753147e+00
   8.8722783e-01  -2.3673127e+00
   8.9280352e-01  -2.3689228e+00
   8.8082460e-01  -2.3790769e+00
   8.9380716e-01  -2.3680164e+00
   9.0361427e-01  -2.3719812e+00
   8.8361991e-01  -2.3689050e+00
   8.8810768e-01  -2.3760987e+00
   9.0109609e-01  -2.3713890e+00
   8.9207098e-01  -2.3761762e+00
   8.8738617e-01  -2.3676876e+00
   8.9200677e-01  -2.3782645e+00
   8.8647692e-01  -2.3753132e+00
   9.0297742e-01  -2.3717335e+00
   9.0331733e-01  -2.3690209e+00
   8.8125904e-01  -2.3770374e+00
   8.8561181e-01  -2.3683313e+00
   8.8380544e-01  -2.3728850e+00
   8.9539391e-01  -2.3745320e+00
   9.0328033e-01  -2.3753828e+00
   8.9656493e-01  -2.3750727e+00
   9.0005496e-01  -2.3714129e+00
   8.8777763e-01  -2.3743143e+00
   8.8878575e-01  -2.3797224e+00
   5.7019984e-01  -2.3784745e+00
   5.7722999e-01  -2.3808723e+00
   5.7841102e-01  -2.3559838e+00
   5.8565110e-01  -2.3309619e+00
   5.6947824e-01  -2.2808869e+00
   5.6961340e-01  -2.2397495e+00
   5.7807286e-01  -2.1900282e+00
   5.8702346e-01  -2.1431944e+00
   5.7145853e-01  -2.1091141e+00
   5.6694515e-01  -2.0622688e+00
   5.8289742e-01  -2.0196233e+00
   5.7352141e-01  -1.9795647e+00
   5.6715942e-01  -1.9407976e+00
   5.7595812e-01  -1.9130884e+00
   5.6879956e-01  -1.8776642e+00
   5.6713578e-01  -1.8504351e+00
   5.7731744e-01  -1.8252193e+00
   5.8666809e-01  -1.8036437e+00
   5.8673421e-01  -1.7826185e+00
   5.6971448e-01  -1.7707733e+00
   5.8869125e-01  -1.7446720e+00
   5.6912418e-01  -1.7397191e+00
   5.6937805e-01  -1.7249464e+00
   5.6937827e-01  -1.7119304e+00
   5.7108153e-01  -1.6958740e+00
   5.8251580e-01  -1.6969440e+00
   5.7802282e-01  -1.6840111e+00
   5.8462286e-01  -1.6746480e+00
   5.8574834e-01  -1.6782885e+00
   5.6680659e-01  -1.6622114e+00
   5.6674897e-01  -1.6678750e+00
   5.8116697e-01  -1.6533392e+00
   5.8910624e-01  -1.6477414e+00
   5.8267970e-01  -1.6499550e+00
   5.6760777e-01  -1.6496830e+00
   5.7130442e-01  -1.6513816e+00
   5.6993636e-01  -1.6487407e+00
   5.8664401e-01  -1.6441389e+00
   5.7857052e-01  -1.6381292e+00
   5.7690106e-01  -1.6371484e+00
   5.7279207e-01  -1.6318238e+00
   5.8062823e-01  -1.6347135e+00
   5.7905813e-01  -1.6336445e+00
   5.7853758e-01  -1.6407306e+00
   5.8434656e-01  -1.6389302e+00
   5.8662425e-01  -1.6255512e+00
   5.7496848e-01  -1.6351045e+00
   5.7655934e-01  -1.6378899e+00
   5.8102959e-01  -1.6283287e+00
   5.8633832e-01  -1.6305835e+00
   5.7460476e-01  -1.6237923e+00
   5.8500330e-01  -1.6248020e+00
   5.7177635e-01  -1.6323637e+00
   5.8499032e-01  -1.6275030e+00
   5.7402364e-01  -1.6331988e+00
   5.8326319e-01  -1.6278815e+00
   5.8185703e-01  -1.6335166e+00
   1.8301872e-01  -1.6329735e+00
