  -3.9616777e-04   6.6102433e-03
   6.4564927e-03   6.9198407e-03
  -2.7927267e-03  -5.4648256e-03
   4.1126089e-03   3.0505113e-03
  -4.4726939e-03   4.5644094e-03
   8.1054758e-03  -2.1908336e-03
   3.6229411e-03  -7.3906791e-04
  -4.6140981e-03   6.3595162e-03
  -4.9958998e-03  -4.6888154e-03
  -2.0947162e-03   1.5267071e-03
  -7.9225139e-01   6.7517930e-04
  -7.7649547e-01  -1.5272185e-03
  -7.8390152e-01  -4.0481337e-02
  -7.6958126e-01  -1.1757912e-01
  -7.8081886e-01  -2.0591838e-01
  -7.7569929e-01  -3.1009507e-01
  -7.7028192e-01  -4.0919057e-01
  -7.8084168e-01  -5.2859462e-01
  -7.8974156e-01  -6.3412675e-01
  -7.8889560e-01  -7.2419321e-01
  -7.9217080e-01  -8.2915100e-01
  -7.8590130e-01  -9.1304495e-01
  -7.9142596e-01  -1.0022194e+00
  -7.7668736e-01  -1.0754165e+00
  -7.6990714e-01  -1.1519003e+00
  -7.8490553e-01  -1.2085534e+00
  -7.8088304e-01  -1.2727080e+00
  -7.7200183e-01  -1.3241581e+00
  -7.7517935e-01  -1.3627923e+00
  -7.8690574e-01  -1.4112747e+00
  -7.8833097e-01  -1.4505854e+00
  -7.9008961e-01  -1.4853549e+00
  -7.7621386e-01  -1.5145239e+00
  -7.7207275e-01  -1.5338081e+00
  -7.7763220e-01  -1.5612069e+00
  -7.7912454e-01  -1.5832053e+00
  -7.8596590e-01  -1.6033948e+00
  -7.7890054e-01  -1.6171460e+00
  -7.8428196e-01  -1.6237978e+00
  -7.8575721e-01  -1.6428840e+00
  -7.7266279e-01  -1.6524025e+00
  -7.7840228e-01  -1.6557393e+00
  -7.8652212e-01  -1.6676192e+00
  -7.8239503e-01  -1.6748886e+00
  -7.7811829e-01  -1.6898141e+00
  -7.6928144e-01  -1.6905057e+00
  -7.6958278e-01  -1.6983042e+00
  -7.8050160e-01  -1.7014616e+00
  -7.7757367e-01  -1.7021726e+00
  -7.8518803e-01  -1.7087886e+00
  -7.8766113e-01  -1.7096041e+00
  -7.7141108e-01  -1.7088181e+00
  -7.8994165e-01  -1.7158619e+00
  -7.9176298e-01  -1.7228903e+00
  -7.7106653e-01  -1.7236387e+00
  -7.9142848e-01  -1.7149241e+00
  -7.8214135e-01  -1.7148306e+00
  -7.8921912e-01  -1.7260963e+00
  -7.8615081e-01  -1.7213590e+00
  -7.7679879e-01  -1.7319171e+00
  -7.7992557e-01  -1.7319895e+00
  -7.9042260e-01  -1.7316312e+00
  -7.8698226e-01  -1.7220252e+00
  -7.7089863e-01  -1.7317832e+00
  -7.7686998e-01  -1.7300242e+00
  -7.7222997e-01  -1.7316518e+00
  -7.7786255e-01  -1.7285507e+00
  -7.7870569e-01  -1.7309559e+00
  -7.8918001e-01  -1.7244863e+00
  -7.6914286e-01  -1.7365961e+00
  -7.8924768e-01  -1.7266423e+00
  -7.6941616e-01  -1.7296751e+00
  -7.8558934e-01  -1.7263554e+00
  -7.7622817e-01  -1.7263710e+00
  -7.8948863e-01  -1.7277200e+00
  -7.7465905e-01  -1.7319469e+00
  -7.6966584e-01  -1.7309565e+00
  -7.8360798e-01  -1.7251419e+00
  -7.8592199e-01  -1.7376463e+00
  -5.8245540e-01  -1.7304980e+00
  -5.9388695e-01  -1.7296213e+00
  -5.8633244e-01  -1.7133741e+00
  -5.9924201e-01  -1.6747287e+00
  -5.8533250e-01  -1.6256183e+00
  -5.8673068e-01  -1.5723710e+00
  -5.8146347e-01  -1.5127693e+00
  -5.8705945e-01  -1.4521641e+00
  -5.8525448e-01  -1.4087826e+00
  -5.8501408e-01  -1.3449510e+00
  -5.9907122e-01  -1.3052551e+00
  -5.8299243e-01  -1.2544916e+00
  -5.8476606e-01  -1.2043269e+00
  -5.8884569e-01  -1.1660234e+00
  -5.8079111e-01  -1.1364556e+00
  -5.9756124e-01  -1.0973919e+00
  -5.9487093e-01  -1.0734415e+00
  -5.8382826e-01  -1.0425087e+00
  -5.8236884e-01  -1.0133522e+00
  -6.0091275e-01  -9.9705747e-01
  -5.9957078e-01  -9.6970495e-01
  -5.9864524e-01  -9.6384702e-01
  -5.9507664e-01  -9.3677775e-01
  -5.8240140e-01  -9.3460169e-01
  -5.9818076e-01  -9.0963788e-01
  -5.8731265e-01  -9.0467507e-01
  -5.7857006e-01  -8.9926667e-01
  -5.9247152e-01  -8.9185185e-01
  -6.0167095e-01  -8.8503018e-01
  -5.9992775e-01  -8.7565283e-01
  -5.8292547e-01  -8.6457284e-01
  -5.8859347e-01  -8.6690768e-01
  -5.8835506e-01  -8.6337328e-01
  -5.9811541e-01  -8.5556229e-01
  -5.8080607e-01  -8.5711005e-01
  -5.9235971e-01  -8.4280391e-01
  -6.0104909e-01  -8.3977379e-01
  -5.8370369e-01  -8.4381214e-01
  -5.9058043e-01  -8.4629951e-01
  -5.9213932e-01  -8.3861597e-01
  -5.9152689e-01  -8.3907553e-01
  -5.7916569e-01  -8.3703376e-01
  -5.9728851e-01  -8.2914503e-01
  -5.9103886e-01  -8.3947389e-01
  -5.9290344e-01  -8.3598948e-01
  -5.9626261e-01  -8.2421777e-01
  -5.8248281e-01  -8.2987654e-01
  -5.9006391e-01  -8.3643350e-01
  -5.8571229e-01  -8.3585720e-01
  -5.9859421e-01  -8.2400878e-01
  -5.9222992e-01  -8.3242941e-01
  -5.8184638e-01  -8.2963822e-01
  -5.9503045e-01  -8.2266646e-01
  -5.8703542e-01  -8.2743218e-01
  -5.9821611e-01  -8.2938693e-01
  -5.7938106e-01  -8.2453789e-01
  -5.7824662e-01  -8.2484894e-01
  -5.8341761e-01  -8.2841349e-01
  -5.9134843e-01  -8.3306435e-01
  -5.8722039e-01  -8.2466042e-01
  -5.8751548e-01  -8.2449367e-01
  -5.9630220e-01  -8.3012873e-01
  -5.9780009e-01  -8.2792571e-01
  -5.8745895e-01  -8.2955062e-01
  -5.8346249e-01  -8.2900246e-01
  -5.9283635e-01  -8.3042856e-01
  -5.8669594e-01  -8.2889632e-01
  -5.9850121e-01  -8.2136842e-01
  -5.7894380e-01  -8.1896421e-01
  -1.1219527e-02  -8.2382436e-01
  -1.0028610e-02  -8.2820652e-01
  -9.0282891e-03  -8.0992708e-01
   2.5528582e-03  -7.7038007e-01
  -1.9272959e-02  -7.2425468e-01
  -1.6570233e-02  -6.6953317e-01
  -4.6696697e-03  -6.2672819e-01
  -1.8845216e-02  -5.7010126e-01
  -1.5591629e-02  -5.2022636e-01
  -9.3561927e-03  -4.7367161e-01
  -1.5499424e-02  -4.2001800e-01
  -4.3749962e-03  -3.7727811e-01
  -7.9614814e-03  -3.4338122e-01
  -5.4580405e-03  -3.0584956e-01
  -1.6798775e-02  -2.6601309e-01
   1.1684567e-03  -2.4765878e-01
  -9.7289998e-03  -2.1691385e-01
  -1.7720959e-02  -1.8980332e-01
  -6.5918530e-03  -1.6811811e-01
  -1.9911475e-02  -1.4542079e-01
  -1.1237510e-02  -1.3147024e-01
  -2.0125442e-02  -1.1742269e-01
  -1.3490560e-02  -9.4684375e-02
   3.2349898e-03  -8.7604872e-02
  -1.0523119e-02  -7.2487755e-02
  -1.7997449e-02  -6.9339618e-02
  -1.8717770e-02  -4.9558160e-02
  -9.7676990e-03  -4.4248738e-02
  -1.5326073e-02  -3.3612108e-02
  -1.2488761e-02  -3.9942489e-02
   3.4480325e-03  -2.7543715e-02
  -1.8020198e-02  -2.9268100e-02
  -1.1057455e-02  -2.6256987e-02
  -1.7858008e-03  -1.3886524e-02
  -4.9720785e-04  -1.8334220e-02
  -7.2939992e-03  -9.7966792e-03
  -6.0488446e-03  -9.0333386e-03
  -1.9034748e-02  -4.8643190e-03
  -2.0503085e-02   5.9453379e-05
   9.1533760e-04  -9.1399987e-04
  -1.8925459e-02   5.2807313e-03
  -4.3079452e-05  -4.4498505e-03
  -1.3143801e-02   6.6100087e-04
  -6.5495981e-03   8.4045223e-04
  -1.6387326e-02   7.0762289e-03
  -1.0565183e-02   8.0515105e-03
  -8.7882366e-03   7.6277336e-03
  -9.1488185e-03   6.2109748e-03
  -1.7722741e-02   5.6989151e-03
  -1.4588885e-02   3.3916421e-03
  -1.3384316e-03   6.2040981e-03
  -1.9302386e-02   2.8686313e-03
   5.1483674e-05   1.1896954e-02
  -6.4534616e-03   4.0978684e-03
  -4.4961972e-03   4.6828135e-03
  -1.9630111e-03   1.0019666e-02
  -9.9031178e-03   1.3145343e-02
  -1.1003241e-02   7.6831849e-03
  -1.8694984e-02   1.3166261e-02
  -5.1886997e-03   1.2840708e-02
  -1.9965552e-02   8.7959331e-03
  -2.0079691e-02   1.3129003e-02
  -1.4237414e-02   7.5445050e-03
  -2.0530075e-03   1.0696275e-02
  -1.5153219e-02   1.1072466e-02
  -7.5380116e-03   8.0284193e-03
   3.2700788e-03   1.0783092e-02
  -1.7814586e-02   1.3407729e-02
  -1.5135649e-02   1.3051260e-02
  -1.9453777e-01   9.1665311e-03
  -2.1179202e-01   1.1711777e-02
  -2.1422413e-01   1.8767297e-02
  -2.1709151e-01   1.3170131e-02
  -2.1371713e-01   1.2818919e-02
  -2.0887371e-01   2.4655848e-02
  -2.0716266e-01   2.2292073e-02
  -1.9850636e-01   3.6135831e-02
  -2.0197175e-01   3.0671912e-02
  -2.0624599e-01   4.5003220e-02
  -2.1069146e-01   3.7052845e-02
  -2.0297028e-01   4.4244211e-02
  -1.9756688e-01   4.2313372e-02
  -1.9732554e-01   5.6048271e-02
  -2.0103817e-01   5.5457592e-02
  -2.1134833e-01   5.6842735e-02
  -2.1469457e-01   5.2143452e-02
  -1.9706377e-01   6.3145403e-02
  -2.0398372e-01   5.6937045e-02
  -1.9664720e-01   5.9221487e-02
  -2.1468310e-01   6.1743599e-02
  -2.0632136e-01   6.3182382e-02
  -1.9646991e-01   6.9358865e-02
  -2.0733480e-01   6.3541878e-02
  -2.1470530e-01   7.2389660e-02
  -2.0263898e-01   7.2553078e-02
  -1.9749606e-01   7.3232996e-02
  -2.1614447e-01   7.4333895e-02
  -1.9611597e-01   7.5754241e-02
  -2.1401284e-01   7.3404618e-02
  -2.0769573e-01   6.8529155e-02
  -2.1346580e-01   7.7033579e-02
  -1.9486608e-01   7.2633735e-02
  -2.0108873e-01   6.8521947e-02
  -2.0418812e-01   7.8145068e-02
  -1.9415145e-01   8.1038784e-02
  -2.0518402e-01   7.8045052e-02
  -2.0360600e-01   8.1814724e-02
  -2.1457379e-01   7.0569576e-02
  -2.0307489e-01   7.7396989e-02
  -2.1265130e-01   7.5005164e-02
  -2.0036667e-01   7.0847450e-02
  -2.0839301e-01   7.3331809e-02
  -1.9622015e-01   6.9299268e-02
  -2.1073466e-01   7.4825949e-02
  -2.1117925e-01   6.9255195e-02
  -1.9550254e-01   8.0864217e-02
  -2.0403953e-01   7.9097125e-02
  -1.9613054e-01   7.7433209e-02
  -2.1485534e-01   7.5987936e-02
  -2.0283250e-01   8.0682169e-02
  -2.0148933e-01   7.2399739e-02
  -1.9928983e-01   7.5354839e-02
  -2.1164686e-01   8.0542905e-02
  -2.0213306e-01   7.8223615e-02
  -2.1090263e-01   7.3706197e-02
  -2.1074279e-01   8.0009294e-02
  -2.1414695e-01   7.1297845e-02
  -2.1109128e-01   7.6688619e-02
  -2.0660152e-01   7.5025669e-02
  -2.1429654e-01   7.2118605e-02
  -1.9476116e-01   7.7336820e-02
  -2.1500639e-01   8.2798956e-02
  -2.0595046e-01   8.0643877e-02
  -2.0799755e-01   8.2027104e-02
  -2.1682951e-01   7.3747470e-02
  -2.1396559e-01   7.4029317e-02
  -2.1585771e-01   7.8148487e-02
  -1.9866717e-01   7.9699072e-02
   5.2650488e-01   7.5500525e-02
   5.4128651e-01   7.9789226e-02
   5.4371623e-01   3.7453883e-02
   5.4049269e-01  -2.5562238e-02
   5.4486361e-01  -1.0795390e-01
   5.3586529e-01  -2.0071547e-01
   5.3492251e-01  -2.9763663e-01
   5.4559358e-01  -3.9405317e-01
   5.3932179e-01  -4.8627061e-01
   5.4542128e-01  -5.7527299e-01
   5.2440642e-01  -6.6872652e-01
   5.3532738e-01  -7.5358240e-01
   5.3973433e-01  -8.2513241e-01
   5.3613658e-01  -8.9258283e-01
   5.2493976e-01  -9.4722680e-01
   5.2565956e-01  -1.0167160e+00
   5.4021127e-01  -1.0654759e+00
   5.2757718e-01  -1.1132981e+00
   5.2442217e-01  -1.1567695e+00
   5.3464779e-01  -1.1898873e+00
   5.4462442e-01  -1.2257370e+00
   5.3988132e-01  -1.2519395e+00
   5.3555762e-01  -1.2799267e+00
   5.3838626e-01  -1.3089558e+00
   5.3366746e-01  -1.3261240e+00
   5.4536234e-01  -1.3431301e+00
   5.2327189e-01  -1.3588924e+00
   5.2416057e-01  -1.3758005e+00
   5.3711544e-01  -1.3919101e+00
   5.4353293e-01  -1.3928075e+00
   5.3269313e-01  -1.4030307e+00
   5.2853963e-01  -1.4155109e+00
   5.4199702e-01  -1.4286852e+00
   5.4388128e-01  -1.4279107e+00
   5.2799466e-01  -1.4397462e+00
   5.2631913e-01  -1.4380500e+00
   5.3405110e-01  -1.4431084e+00
   5.3986401e-01  -1.4434240e+00
   5.4085208e-01  -1.4564070e+00
   5.2980068e-01  -1.4601326e+00
   5.2623193e-01  -1.4574705e+00
   5.2337953e-01  -1.4587563e+00
   5.3471590e-01  -1.4708410e+00
   5.3747165e-01  -1.4725769e+00
   5.2820609e-01  -1.4706096e+00
   5.3540671e-01  -1.4677754e+00
   5.3788638e-01  -1.4632022e+00
   5.4019332e-01  -1.4756357e+00
   5.2301565e-01  -1.4766876e+00
   5.3503888e-01  -1.4756533e+00
   5.2817830e-01  -1.4756526e+00
   5.3924457e-01  -1.4758185e+00
   5.2514963e-01  -1.4779495e+00
   5.3978670e-01  -1.4814170e+00
   5.4437427e-01  -1.4806447e+00
   5.3298209e-01  -1.4801767e+00
   5.3773293e-01  -1.4741170e+00
   5.3032298e-01  -1.4732809e+00
   5.3193254e-01  -1.4731713e+00
   5.3879837e-01  -1.4819958e+00
   5.3798609e-01  -1.4731638e+00
   5.3699531e-01  -1.4806377e+00
   5.3102139e-01  -1.4768759e+00
   5.4481080e-01  -1.4759868e+00
   5.3074719e-01  -1.4768059e+00
   5.2739392e-01  -1.4735008e+00
   5.3350678e-01  -1.4846714e+00
   5.3582263e-01  -1.4714842e+00
   5.2757621e-01  -1.4781167e+00
   7.5505147e-01  -1.4842615e+00
   7.5578401e-01  -1.4752975e+00
   7.3984849e-01  -1.5000078e+00
   7.4782222e-01  -1.5211670e+00
   7.4902220e-01  -1.5554950e+00
   7.4900384e-01  -1.5969751e+00
   7.5334015e-01  -1.6291234e+00
   7.5611592e-01  -1.6765543e+00
   7.4354438e-01  -1.7140026e+00
   7.5038379e-01  -1.7470210e+00
   7.5516334e-01  -1.7931175e+00
   7.4117452e-01  -1.8180506e+00
   7.4739093e-01  -1.8550855e+00
   7.3966338e-01  -1.8776272e+00
   7.3731244e-01  -1.9113177e+00
   7.4632650e-01  -1.9266542e+00
   7.4964463e-01  -1.9563229e+00
   7.5337219e-01  -1.9658728e+00
   7.3799611e-01  -1.9895293e+00
   7.4178953e-01  -2.0066259e+00
   7.3879740e-01  -2.0171769e+00
   7.3885742e-01  -2.0313407e+00
   7.4216023e-01  -2.0338329e+00
   7.5367973e-01  -2.0552362e+00
   7.5204070e-01  -2.0549385e+00
   7.5382551e-01  -2.0642385e+00
   7.3467579e-01  -2.0749034e+00
   7.5146775e-01  -2.0771948e+00
   7.4097384e-01  -2.0845031e+00
   7.4922373e-01  -2.0957266e+00
   7.3530595e-01  -2.0928210e+00
   7.4615320e-01  -2.1005353e+00
   7.4908175e-01  -2.0948926e+00
   7.5718073e-01  -2.1082264e+00
   7.5174175e-01  -2.1118946e+00
   7.5305498e-01  -2.1136973e+00
   7.4153452e-01  -2.1026885e+00
   7.5266024e-01  -2.1132935e+00
   7.4355693e-01  -2.1140173e+00
   7.5390003e-01  -2.1163808e+00
   7.4431916e-01  -2.1154209e+00
   7.3633613e-01  -2.1222392e+00
   7.4058231e-01  -2.1183466e+00
   7.4649525e-01  -2.1235366e+00
   7.5683951e-01  -2.1184853e+00
   7.5692771e-01  -2.1133391e+00
   7.4433535e-01  -2.1160232e+00
   7.5028637e-01  -2.1199074e+00
   7.3496349e-01  -2.1204009e+00
   7.4711569e-01  -2.1270407e+00
   7.4237561e-01  -2.1189051e+00
   7.3696008e-01  -2.1231265e+00
   7.5819111e-01  -2.1216374e+00
   7.5263315e-01  -2.1257439e+00
   7.3983651e-01  -2.1269421e+00
   7.3637698e-01  -2.1249761e+00
   7.5248951e-01  -2.1246325e+00
   7.5687610e-01  -2.1225117e+00
   7.4911624e-01  -2.1259389e+00
   7.4047640e-01  -2.1227897e+00
   7.4219385e-01  -2.1273500e+00
   7.4255027e-01  -2.1266685e+00
   7.5111451e-01  -2.1271915e+00
   7.4043457e-01  -2.1267657e+00
   7.3804560e-01  -2.1180978e+00
   7.5396388e-01  -2.1289832e+00
   7.4807754e-01  -2.1262218e+00
   7.5148168e-01  -2.1219304e+00
   7.3903537e-01  -2.1203283e+00
  -3.8568157e-01  -2.1290693e+00
  -3.8198051e-01  -2.1198419e+00
  -3.7208277e-01  -2.0770746e+00
  -3.8013059e-01  -1.9916773e+00
  -3.8288231e-01  -1.8965469e+00
  -3.8241105e-01  -1.7747113e+00
  -3.9461792e-01  -1.6515586e+00
  -3.7823640e-01  -1.5286734e+00
  -3.8772553e-01  -1.4144331e+00
  -3.7554228e-01  -1.2962580e+00
  -3.7274990e-01  -1.1904115e+00
  -3.7866968e-01  -1.0839026e+00
  -3.8584248e-01  -9.9793402e-01
  -3.8180725e-01  -9.1453999e-01
  -3.8934366e-01  -8.3482020e-01
  -3.8879569e-01  -7.5220527e-01
  -3.7835718e-01  -6.9778552e-01
  -3.8248210e-01  -6.3872436e-01
  -3.9439149e-01  -5.8804527e-01
  -3.7237740e-01  -5.3997352e-01
  -3.8715049e-01  -4.9970518e-01
  -3.9286157e-01  -4.5639332e-01
  -3.8463658e-01  -4.1694194e-01
  -3.8366783e-01  -3.8804428e-01
  -3.8904398e-01  -3.6802094e-01
  -3.9291266e-01  -3.4107090e-01
  -3.7510318e-01  -3.2434210e-01
  -3.9515516e-01  -2.9970587e-01
  -3.8213002e-01  -2.9135698e-01
  -3.9450600e-01  -2.7309153e-01
  -3.8913158e-01  -2.6371469e-01
  -3.7649648e-01  -2.4486176e-01
  -3.7173599e-01  -2.4285675e-01
  -3.7991801e-01  -2.3876009e-01
  -3.9299943e-01  -2.2050586e-01
  -3.7903586e-01  -2.1348039e-01
  -3.7419277e-01  -2.1446574e-01
  -3.8907471e-01  -2.0486407e-01
  -3.9127435e-01  -2.0499717e-01
  -3.7251165e-01  -2.0379331e-01
  -3.7922637e-01  -1.9176274e-01
  -3.8128397e-01  -1.9060646e-01
  -3.7700523e-01  -1.8965458e-01
  -3.8562682e-01  -1.8177379e-01
  -3.9060683e-01  -1.8031758e-01
  -3.7663514e-01  -1.8014878e-01
  -3.7325066e-01  -1.8523846e-01
  -3.8586480e-01  -1.7872601e-01
  -3.9517867e-01  -1.8568076e-01
  -3.7262003e-01  -1.8510557e-01
  -3.8036971e-01  -1.7918608e-01
  -3.9414653e-01  -1.8351473e-01
  -3.7186051e-01  -1.7428581e-01
  -3.7653837e-01  -1.7342938e-01
  -3.8900395e-01  -1.7772194e-01
  -3.9279349e-01  -1.8045398e-01
  -3.7694414e-01  -1.7212472e-01
  -3.7323737e-01  -1.7609218e-01
  -3.7765976e-01  -1.7202760e-01
  -3.7844975e-01  -1.7601996e-01
  -3.7677320e-01  -1.7668039e-01
  -3.8287825e-01  -1.7432407e-01
  -3.9134885e-01  -1.7316116e-01
  -3.9498466e-01  -1.7518921e-01
  -3.8252029e-01  -1.7774418e-01
  -3.9394194e-01  -1.7157134e-01
  -3.9098725e-01  -1.7856063e-01
  -3.7167294e-01  -1.7815901e-01
  -3.7241413e-01  -1.6566090e-01
   1.3661274e-02  -1.7742559e-01
  -2.8992247e-03  -1.7108010e-01
   1.2871629e-02  -1.6455455e-01
  -1.1557431e-03  -1.5440404e-01
  -3.9001706e-03  -1.5508514e-01
  -4.4980621e-03  -1.4433358e-01
   1.4338842e-02  -1.3199758e-01
   9.4491167e-03  -1.2637930e-01
  -3.3434401e-03  -1.0910038e-01
  -9.4799232e-04  -1.0761241e-01
   2.2784048e-03  -9.0337398e-02
  -3.5117744e-03  -8.9103574e-02
  -3.8843120e-03  -7.5353388e-02
   9.9778007e-03  -6.7986127e-02
   2.0773125e-04  -6.4502267e-02
  -2.0147840e-03  -4.8208266e-02
  -1.8703032e-03  -5.1393069e-02
   8.4450035e-03  -3.7705003e-02
   2.7918081e-03  -3.6953285e-02
   4.5208377e-04  -3.6268989e-02
   7.2010719e-03  -2.5580663e-02
   2.4382933e-04  -2.4387964e-02
   1.3159800e-02  -2.4072005e-02
   3.2531666e-03  -3.0482348e-02
   2.1827733e-03  -2.3039188e-02
  -1.9023080e-03  -1.8444149e-02
  -4.1232955e-03  -2.0723292e-02
   7.2774028e-03  -9.7617771e-03
   4.4316625e-03  -1.3160245e-02
   4.2032310e-03  -1.7316303e-02
   4.0551488e-03  -1.9052225e-02
   1.3784013e-02  -1.2994143e-02
  -3.2789645e-03  -1.7142078e-02
   2.6604687e-03  -5.2027075e-03
   9.8118118e-03  -4.8553243e-03
   1.4976356e-02  -6.1608103e-03
  -2.6786087e-03  -9.1783225e-03
  -4.7238650e-03  -1.0293349e-02
   1.5508996e-02  -9.3695416e-03
  -5.8160388e-03  -6.2697431e-03
   1.2063387e-02  -1.1060759e-02
   3.4987929e-03  -1.1716328e-02
   1.1508122e-02  -9.2722488e-03
  -4.4145094e-03  -4.4768433e-03
   1.5155402e-02  -6.9572713e-03
  -5.6243959e-03  -6.1046131e-03
   5.8156515e-03  -1.0844625e-02
  -4.3651637e-03  -9.3213315e-03
   7.0682704e-03  -9.1818675e-03
   7.8627781e-03  -4.0363499e-03
   4.7069349e-04  -1.1621472e-02
   1.2270164e-02  -2.1485757e-03
   5.9062193e-03  -6.6840468e-03
   9.1249349e-04  -9.7242864e-03
  -3.4185084e-03  -1.7570027e-04
   1.5079068e-02  -1.0444192e-02
  -1.3755665e-03  -4.2066520e-03
  -2.9790471e-03  -6.6311153e-04
   9.7220739e-03  -6.4046428e-03
   1.3659819e-03   1.4394797e-03
  -2.6175404e-03  -7.6517805e-03
  -7.1577094e-03  -9.1340967e-03
   6.6882932e-03  -7.5975250e-03
   1.4223900e-02  -4.5783935e-03
   3.7272032e-03  -1.1274461e-03
   1.4472832e-02  -4.5230611e-03
  -6.2484604e-03  -1.1948514e-02
   7.3518726e-03  -9.4955146e-03
   6.5526591e-03  -1.7799744e-03
   2.7894729e-01  -1.0971355e-02
   2.9618563e-01  -4.3012065e-03
   2.9572229e-01  -1.9971140e-02
   2.8177302e-01  -5.4841917e-02
   2.9600167e-01  -8.7423978e-02
   2.9340295e-01  -1.2513701e-01
   2.9378176e-01  -1.5784457e-01
   2.8357113e-01  -2.0475866e-01
   2.8125308e-01  -2.4286903e-01
   2.8858989e-01  -2.7279249e-01
   2.9759963e-01  -3.1165370e-01
   2.7781388e-01  -3.4408417e-01
   2.8372248e-01  -3.7121208e-01
   2.8860935e-01  -4.0561201e-01
   2.7864234e-01  -4.2628578e-01
   2.7632466e-01  -4.5764020e-01
   2.8724030e-01  -4.6835143e-01
   2.9777476e-01  -4.9237446e-01
   2.7807015e-01  -5.1654182e-01
   2.8408315e-01  -5.2967667e-01
   2.7607904e-01  -5.3668697e-01
   2.8649642e-01  -5.5327993e-01
   2.7554654e-01  -5.6661740e-01
   2.8115781e-01  -5.7055983e-01
   2.7492289e-01  -5.8417568e-01
   2.7581458e-01  -5.9367616e-01
   2.9651838e-01  -5.9704884e-01
   2.7961179e-01  -5.9692476e-01
   2.9050031e-01  -6.0582068e-01
   2.9639572e-01  -6.0719784e-01
   2.9496529e-01  -6.1083882e-01
   2.7939129e-01  -6.1866806e-01
   2.8240956e-01  -6.2059406e-01
   2.8923133e-01  -6.2626711e-01
   2.8275897e-01  -6.3434494e-01
   2.8873159e-01  -6.3301836e-01
   2.8768610e-01  -6.3106445e-01
   2.9186658e-01  -6.3970246e-01
   2.8899984e-01  -6.4124471e-01
   2.7882751e-01  -6.3739331e-01
   2.9326926e-01  -6.4548519e-01
   2.7867525e-01  -6.4446524e-01
   2.7986792e-01  -6.4621533e-01
   2.9239057e-01  -6.3676583e-01
   2.8330274e-01  -6.4188915e-01
   2.8126663e-01  -6.4774629e-01
   2.7812417e-01  -6.3921834e-01
   2.9503393e-01  -6.3877424e-01
   2.8698768e-01  -6.3831473e-01
   2.9412971e-01  -6.3981959e-01
   2.8437433e-01  -6.5004465e-01
   2.7539457e-01  -6.4037448e-01
   2.9845528e-01  -6.4337853e-01
   2.8464627e-01  -6.4758530e-01
   2.9218416e-01  -6.3961492e-01
   2.8808040e-01  -6.4998412e-01
   2.7536144e-01  -6.5043039e-01
   2.8952732e-01  -6.4258609e-01
   2.8163850e-01  -6.5232677e-01
   2.8284587e-01  -6.4828418e-01
   2.7602887e-01  -6.5101558e-01
   2.9160559e-01  -6.4956696e-01
   2.8561471e-01  -6.4216921e-01
   2.9403408e-01  -6.4110355e-01
   2.7886378e-01  -6.4435316e-01
   2.7978831e-01  -6.4962270e-01
   2.9695985e-01  -6.4011302e-01
   2.8274097e-01  -6.5330039e-01
   2.7582324e-01  -6.5116918e-01
  -3.3061265e-01  -6.4253245e-01
  -3.5153722e-01  -6.4497109e-01
  -3.3211410e-01  -6.3059591e-01
  -3.5154963e-01  -6.0351870e-01
  -3.4503656e-01  -5.7473862e-01
  -3.5104781e-01  -5.4604858e-01
  -3.3723840e-01  -5.1621040e-01
  -3.4268047e-01  -4.7949544e-01
  -3.5241593e-01  -4.4765167e-01
  -3.3336252e-01  -4.1269024e-01
  -3.5028195e-01  -3.8447914e-01
  -3.3985538e-01  -3.4367890e-01
  -3.4230681e-01  -3.2365341e-01
  -3.3619354e-01  -2.9533850e-01
  -3.3598295e-01  -2.7567443e-01
  -3.4027715e-01  -2.5185120e-01
  -3.4516087e-01  -2.3204639e-01
  -3.5014374e-01  -2.1342158e-01
  -3.4110756e-01  -2.0174174e-01
  -3.4163175e-01  -1.9082411e-01
  -3.4926927e-01  -1.7332451e-01
  -3.3400919e-01  -1.6239424e-01
  -3.3714331e-01  -1.5110201e-01
  -3.4340972e-01  -1.4735861e-01
  -3.5068372e-01  -1.3870826e-01
  -3.4004399e-01  -1.3615430e-01
  -3.4348992e-01  -1.3119106e-01
  -3.4604667e-01  -1.2014604e-01
  -3.3137961e-01  -1.2157485e-01
  -3.2891450e-01  -1.1212775e-01
  -3.3805564e-01  -1.0469956e-01
  -3.4418447e-01  -1.0969971e-01
  -3.3803517e-01  -1.0592844e-01
  -3.3741600e-01  -9.6242387e-02
  -3.4887856e-01  -9.9341047e-02
  -3.4718172e-01  -1.0327973e-01
  -3.2920565e-01  -9.0962875e-02
  -3.3740976e-01  -8.9885236e-02
  -3.4116741e-01  -1.0044102e-01
  -3.2993722e-01  -8.6416409e-02
  -3.5028555e-01  -9.5418680e-02
  -3.4827506e-01  -9.4203986e-02
  -3.3578109e-01  -9.4744091e-02
  -3.4032697e-01  -8.6190698e-02
  -3.3665936e-01  -9.1305654e-02
  -3.4388209e-01  -8.4867973e-02
  -3.5090559e-01  -8.2560819e-02
  -3.3892419e-01  -8.6515560e-02
  -3.4913628e-01  -9.2455231e-02
  -3.4286438e-01  -9.2709812e-02
  -3.3306229e-01  -8.7406684e-02
  -3.5050400e-01  -8.8333352e-02
  -3.5069104e-01  -8.4917207e-02
  -3.4119106e-01  -9.2816478e-02
  -3.4460682e-01  -9.1997378e-02
  -3.4990489e-01  -9.2487823e-02
  -3.3551653e-01  -8.1715210e-02
  -3.4287082e-01  -8.3110291e-02
  -3.3641254e-01  -9.1372184e-02
  -3.4651924e-01  -8.6709985e-02
  -3.4460043e-01  -8.1576278e-02
  -3.4246594e-01  -8.5447575e-02
  -3.4598625e-01  -8.3901889e-02
  -3.5260369e-01  -8.0677993e-02
  -3.4361118e-01  -8.3638812e-02
  -3.5267635e-01  -8.9664209e-02
  -3.4673771e-01  -8.9740449e-02
  -3.3255334e-01  -8.9728455e-02
  -3.3019763e-01  -8.3000792e-02
   2.9049123e-01  -8.7947911e-02
   3.0394161e-01  -8.3651584e-02
   2.8132191e-01  -1.0370984e-01
   3.0381250e-01  -1.2954021e-01
   3.0522609e-01  -1.5195382e-01
   2.9613181e-01  -1.8492668e-01
   2.9969876e-01  -2.2565416e-01
   2.9167036e-01  -2.5788570e-01
   3.0218801e-01  -2.9014292e-01
   2.9265805e-01  -3.2569364e-01
   3.0077196e-01  -3.6685097e-01
   2.8162203e-01  -3.8912047e-01
   2.9138245e-01  -4.2144208e-01
   2.9663141e-01  -4.4820113e-01
   2.9424525e-01  -4.7105944e-01
   2.8530448e-01  -4.9845178e-01
   2.8769951e-01  -5.1280510e-01
   2.8230184e-01  -5.3231679e-01
   2.9658348e-01  -5.4825460e-01
   2.9838991e-01  -5.6161019e-01
   2.9482872e-01  -5.7063296e-01
   2.8519013e-01  -5.8845961e-01
   2.8965864e-01  -5.9532587e-01
   2.9980861e-01  -6.0754999e-01
   2.8997392e-01  -6.0465574e-01
   2.8147910e-01  -6.1248361e-01
   2.8593064e-01  -6.2403106e-01
   2.9167330e-01  -6.2414084e-01
   2.8485357e-01  -6.3658124e-01
   2.8239537e-01  -6.3495628e-01
   2.9701342e-01  -6.3645238e-01
   3.0324649e-01  -6.4414485e-01
   2.9008124e-01  -6.5096549e-01
   2.9242597e-01  -6.4513520e-01
   3.0232871e-01  -6.4575122e-01
   2.9529461e-01  -6.5176262e-01
   2.8587294e-01  -6.4957122e-01
   2.9366083e-01  -6.6216647e-01
   2.9981928e-01  -6.6403379e-01
   2.8958708e-01  -6.6209405e-01
   2.9785502e-01  -6.6247973e-01
   2.9612547e-01  -6.6726036e-01
   3.0501727e-01  -6.5590129e-01
   2.8200735e-01  -6.6093665e-01
   2.9372589e-01  -6.6575444e-01
   2.9640733e-01  -6.6444280e-01
   2.9481638e-01  -6.6973393e-01
   3.0196654e-01  -6.6466190e-01
   2.9390324e-01  -6.7171517e-01
   2.9855864e-01  -6.6645360e-01
   3.0190135e-01  -6.6376807e-01
   2.8686527e-01  -6.6615021e-01
   2.8555847e-01  -6.6974040e-01
   2.8614667e-01  -6.7289578e-01
   2.8864221e-01  -6.6198974e-01
   2.8531363e-01  -6.6966952e-01
   3.0260775e-01  -6.6993747e-01
   2.9485949e-01  -6.6251060e-01
   2.8197335e-01  -6.6797318e-01
   3.0055440e-01  -6.7301943e-01
   3.0370893e-01  -6.6099177e-01
   2.8845101e-01  -6.6765741e-01
   3.0463530e-01  -6.6845059e-01
   2.9252698e-01  -6.6379869e-01
   2.8328334e-01  -6.6762468e-01
   3.0293611e-01  -6.6898029e-01
   2.9188397e-01  -6.7158364e-01
   2.9445810e-01  -6.6929667e-01
   2.8864942e-01  -6.7348545e-01
  -5.9175691e-01  -6.6267382e-01
  -6.1241012e-01  -6.6519565e-01
  -5.9938864e-01  -6.7692660e-01
  -6.0376544e-01  -6.7902318e-01
  -6.0148476e-01  -6.9851401e-01
  -6.1487677e-01  -7.1315243e-01
  -6.0188119e-01  -7.1516983e-01
  -6.1006357e-01  -7.3820878e-01
  -6.1127535e-01  -7.4055476e-01
  -6.0562320e-01  -7.6402041e-01
  -5.9924582e-01  -7.7695974e-01
  -6.0800005e-01  -7.8015357e-01
  -6.1170999e-01  -7.9363898e-01
  -5.9387218e-01  -8.0445780e-01
  -6.1510448e-01  -8.1132903e-01
  -6.0944949e-01  -8.1870985e-01
  -6.0643248e-01  -8.1925964e-01
  -5.9553056e-01  -8.3406152e-01
  -6.0137301e-01  -8.4232690e-01
  -6.1023967e-01  -8.3804214e-01
  -6.1494803e-01  -8.4102058e-01
  -6.1512587e-01  -8.5708198e-01
  -6.0836139e-01  -8.4942704e-01
  -6.1358893e-01  -8.5371326e-01
  -6.0253159e-01  -8.6323623e-01
  -6.0782862e-01  -8.6362678e-01
  -5.9567564e-01  -8.6716304e-01
  -6.1165365e-01  -8.7126423e-01
  -5.9481916e-01  -8.6923761e-01
  -6.0048398e-01  -8.6695169e-01
  -5.9197193e-01  -8.6824894e-01
  -6.1406412e-01  -8.7299445e-01
  -5.9360577e-01  -8.6928161e-01
  -6.0263623e-01  -8.8172143e-01
  -6.0253269e-01  -8.7533457e-01
  -6.0606279e-01  -8.8298992e-01
  -6.0023899e-01  -8.7756261e-01
  -5.9582255e-01  -8.8227449e-01
  -6.0529582e-01  -8.8235557e-01
  -6.0119103e-01  -8.7473177e-01
  -6.0556524e-01  -8.8008801e-01
  -6.1526485e-01  -8.7989553e-01
  -6.0151697e-01  -8.7847115e-01
  -6.0893038e-01  -8.7400547e-01
  -6.1255763e-01  -8.7566639e-01
  -6.0048631e-01  -8.7575533e-01
  -5.9467496e-01  -8.7576675e-01
  -6.1429637e-01  -8.7815825e-01
  -5.9710408e-01  -8.7682293e-01
  -5.9268696e-01  -8.7719397e-01
  -6.0817947e-01  -8.7627678e-01
  -6.1026314e-01  -8.8129063e-01
  -6.0280046e-01  -8.7812548e-01
  -6.0594414e-01  -8.7828660e-01
  -6.0415184e-01  -8.8632029e-01
  -6.0060945e-01  -8.8835231e-01
  -6.1067108e-01  -8.7487931e-01
  -5.9248439e-01  -8.7727895e-01
  -5.9811554e-01  -8.8028888e-01
  -5.9493898e-01  -8.8475969e-01
  -6.1129133e-01  -8.7655964e-01
  -6.0281397e-01  -8.8304783e-01
  -5.9424804e-01  -8.8312917e-01
  -6.0620731e-01  -8.8358321e-01
  -6.0359509e-01  -8.8601979e-01
  -6.0178621e-01  -8.8399267e-01
  -5.9455274e-01  -8.7677207e-01
  -6.0871951e-01  -8.8652988e-01
  -6.0136919e-01  -8.8475051e-01
  -9.8158695e-01  -8.7549872e-01
  -9.9413513e-01  -8.7543349e-01
  -9.9448828e-01  -9.2790093e-01
  -9.8002828e-01  -1.0260614e+00
  -1.0005748e+00  -1.1289600e+00
  -9.9867630e-01  -1.2444561e+00
  -9.8328543e-01  -1.3738530e+00
  -9.8437991e-01  -1.5082007e+00
  -9.8618914e-01  -1.6391784e+00
  -9.9409798e-01  -1.7549283e+00
  -9.9739209e-01  -1.8664231e+00
  -9.8276266e-01  -1.9696068e+00
  -9.8642191e-01  -2.0751516e+00
  -9.8091637e-01  -2.1642274e+00
  -9.8674606e-01  -2.2432245e+00
  -9.8993348e-01  -2.3307443e+00
  -9.9125377e-01  -2.3908313e+00
  -9.9109049e-01  -2.4512206e+00
  -9.7748307e-01  -2.5133587e+00
  -9.7711376e-01  -2.5642239e+00
  -9.8330380e-01  -2.6046192e+00
  -9.9155728e-01  -2.6458544e+00
  -9.8856131e-01  -2.6808496e+00
  -9.9387773e-01  -2.7182380e+00
  -9.8931373e-01  -2.7396951e+00
  -9.9538318e-01  -2.7612791e+00
  -9.9461685e-01  -2.7924451e+00
  -9.8261569e-01  -2.8037423e+00
  -9.9806219e-01  -2.8194789e+00
  -9.9751398e-01  -2.8357763e+00
  -9.8628115e-01  -2.8509543e+00
  -9.8535226e-01  -2.8658016e+00
  -9.9633079e-01  -2.8733744e+00
  -9.9166763e-01  -2.8786120e+00
  -9.8899947e-01  -2.8932981e+00
  -9.8779047e-01  -2.8971258e+00
  -9.9327111e-01  -2.8971462e+00
  -1.0007263e+00  -2.9014004e+00
  -9.9359928e-01  -2.9178333e+00
  -9.8021720e-01  -2.9121917e+00
  -9.9757105e-01  -2.9180428e+00
  -9.7976929e-01  -2.9205598e+00
  -9.9954548e-01  -2.9257372e+00
  -9.9685058e-01  -2.9243850e+00
  -9.9873873e-01  -2.9278530e+00
  -9.8375401e-01  -2.9379329e+00
  -9.9525725e-01  -2.9408481e+00
  -9.8316736e-01  -2.9368181e+00
  -9.9481278e-01  -2.9344256e+00
  -9.9272094e-01  -2.9419801e+00
  -9.9157978e-01  -2.9407480e+00
  -9.8087165e-01  -2.9355987e+00
  -9.8311796e-01  -2.9434028e+00
  -9.9573036e-01  -2.9352663e+00
  -9.8424574e-01  -2.9448524e+00
  -9.9532946e-01  -2.9370867e+00
  -9.9411908e-01  -2.9468862e+00
  -9.9692915e-01  -2.9435199e+00
  -9.7790521e-01  -2.9401882e+00
  -9.9861288e-01  -2.9476374e+00
  -9.9981348e-01  -2.9477597e+00
  -9.9023698e-01  -2.9465430e+00
  -9.8510160e-01  -2.9397573e+00
  -9.9321652e-01  -2.9386184e+00
  -9.8853998e-01  -2.9398501e+00
  -9.9733318e-01  -2.9494711e+00
  -9.8796629e-01  -2.9466178e+00
  -9.9771866e-01  -2.9437826e+00
  -9.8212761e-01  -2.9457795e+00
  -7.4686940e-01  -2.9510097e+00
  -7.3273205e-01  -2.9490960e+00
  -7.3311756e-01  -2.9118214e+00
  -7.5541888e-01  -2.8486673e+00
  -7.3672952e-01  -2.7764683e+00
  -7.5390316e-01  -2.6963013e+00
  -7.3666431e-01  -2.6155641e+00
  -7.4280449e-01  -2.5251337e+00
  -7.5235567e-01  -2.4323355e+00
  -7.4736333e-01  -2.3574886e+00
  -7.5184657e-01  -2.2694181e+00
  -7.4673671e-01  -2.2057768e+00
  -7.4712754e-01  -2.1318548e+00
  -7.4254658e-01  -2.0745634e+00
  -7.5008062e-01  -2.0163408e+00
  -7.4491947e-01  -1.9709717e+00
  -7.4536525e-01  -1.9169324e+00
  -7.5246211e-01  -1.8799310e+00
  -7.3300714e-01  -1.8443750e+00
  -7.4465022e-01  -1.8094603e+00
  -7.3453747e-01  -1.7751106e+00
  -7.4849696e-01  -1.7446856e+00
  -7.5501987e-01  -1.7214622e+00
  -7.3380748e-01  -1.7002783e+00
  -7.4380045e-01  -1.6831384e+00
  -7.4963607e-01  -1.6701328e+00
  -7.3594050e-01  -1.6537675e+00
  -7.4124129e-01  -1.6364971e+00
  -7.4827218e-01  -1.6211585e+00
  -7.3557167e-01  -1.6181468e+00
  -7.5140756e-01  -1.6091862e+00
  -7.4294581e-01  -1.5919259e+00
  -7.5280033e-01  -1.5948025e+00
  -7.4283888e-01  -1.5885121e+00
  -7.4773043e-01  -1.5863134e+00
  -7.4506263e-01  -1.5804466e+00
  -7.5105162e-01  -1.5749093e+00
  -7.3527982e-01  -1.5624420e+00
  -7.5525042e-01  -1.5685627e+00
  -7.4772766e-01  -1.5670375e+00
  -7.4296098e-01  -1.5624158e+00
  -7.5389604e-01  -1.5502654e+00
  -7.5129007e-01  -1.5609674e+00
  -7.4353687e-01  -1.5532829e+00
  -7.5451826e-01  -1.5547599e+00
  -7.5410123e-01  -1.5540978e+00
  -7.4247196e-01  -1.5459162e+00
  -7.3550019e-01  -1.5448521e+00
  -7.5475088e-01  -1.5519591e+00
  -7.4237899e-01  -1.5455564e+00
  -7.4637968e-01  -1.5475847e+00
  -7.5333876e-01  -1.5515216e+00
  -7.5105947e-01  -1.5415968e+00
  -7.5443730e-01  -1.5422001e+00
  -7.4898302e-01  -1.5463454e+00
  -7.4705372e-01  -1.5416658e+00
  -7.4191587e-01  -1.5399400e+00
  -7.4711659e-01  -1.5380550e+00
  -7.3386902e-01  -1.5439137e+00
  -7.5486936e-01  -1.5387944e+00
  -7.4602167e-01  -1.5409866e+00
  -7.3431372e-01  -1.5486713e+00
  -7.4746741e-01  -1.5447529e+00
  -7.4442674e-01  -1.5396507e+00
  -7.5221761e-01  -1.5439932e+00
  -7.3299476e-01  -1.5485144e+00
  -7.4881745e-01  -1.5450793e+00
  -7.4113147e-01  -1.5394635e+00
  -7.3984390e-01  -1.5446999e+00
   7.2023926e-01  -1.5472928e+00
   7.3723381e-01  -1.5468200e+00
   7.2647631e-01  -1.5544821e+00
   7.4052989e-01  -1.5731636e+00
   7.3805186e-01  -1.6089633e+00
   7.3529568e-01  -1.6340497e+00
   7.3809661e-01  -1.6747357e+00
   7.2645172e-01  -1.7059772e+00
   7.4176489e-01  -1.7391384e+00
   7.2656079e-01  -1.7702502e+00
   7.3357354e-01  -1.7952352e+00
   7.3219295e-01  -1.8233838e+00
   7.3048881e-01  -1.8488806e+00
   7.4148360e-01  -1.8753090e+00
   7.4230546e-01  -1.9011680e+00
   7.2307163e-01  -1.9249878e+00
   7.4281258e-01  -1.9334719e+00
   7.2328145e-01  -1.9610665e+00
   7.3107305e-01  -1.9728562e+00
   7.2967747e-01  -1.9786409e+00
   7.2570876e-01  -1.9911283e+00
   7.2509383e-01  -2.0041226e+00
   7.2130041e-01  -2.0108191e+00
   7.3572230e-01  -2.0238136e+00
   7.3404401e-01  -2.0296150e+00
   7.3949842e-01  -2.0400611e+00
   7.4182177e-01  -2.0483141e+00
   7.3956159e-01  -2.0408673e+00
   7.3136631e-01  -2.0515083e+00
   7.3177855e-01  -2.0508967e+00
   7.3619315e-01  -2.0596193e+00
   7.3779027e-01  -2.0656662e+00
   7.3418258e-01  -2.0595936e+00
   7.3518198e-01  -2.0706130e+00
   7.3353211e-01  -2.0669449e+00
   7.3933860e-01  -2.0761343e+00
   7.3993566e-01  -2.0773421e+00
   7.3008852e-01  -2.0686157e+00
   7.2339644e-01  -2.0726268e+00
   7.3407369e-01  -2.0713267e+00
   7.2402072e-01  -2.0781045e+00
   7.3331520e-01  -2.0775196e+00
   7.4078543e-01  -2.0741844e+00
   7.2563581e-01  -2.0760910e+00
   7.3044044e-01  -2.0755093e+00
   7.3432046e-01  -2.0819187e+00
   7.2954041e-01  -2.0828884e+00
   7.4240903e-01  -2.0806247e+00
   7.3765980e-01  -2.0776599e+00
   7.1962787e-01  -2.0873501e+00
   7.2979176e-01  -2.0835783e+00
   7.2263381e-01  -2.0836327e+00
   7.2962798e-01  -2.0867447e+00
   7.4313308e-01  -2.0898946e+00
   7.2291950e-01  -2.0907422e+00
   7.3923473e-01  -2.0794538e+00
   7.3809044e-01  -2.0826356e+00
   7.2357603e-01  -2.0777909e+00
   7.4099821e-01  -2.0782623e+00
   7.3227475e-01  -2.0905021e+00
   7.2666312e-01  -2.0817256e+00
   7.2542763e-01  -2.0888116e+00
   7.2288952e-01  -2.0811708e+00
   7.4087298e-01  -2.0882910e+00
   7.2250507e-01  -2.0819191e+00
   7.3043738e-01  -2.0880136e+00
   7.3427495e-01  -2.0835419e+00
   7.2417681e-01  -2.0777875e+00
   7.4297287e-01  -2.0801231e+00
   4.7485647e-01  -2.0854058e+00
   4.8511616e-01  -2.0865804e+00
   4.8604637e-01  -2.0720857e+00
   4.8741157e-01  -2.0358082e+00
   4.8423904e-01  -1.9859008e+00
   4.8848429e-01  -1.9504085e+00
   4.7440485e-01  -1.8966655e+00
   4.8809067e-01  -1.8568806e+00
   4.8669409e-01  -1.8006217e+00
   4.7376844e-01  -1.7577234e+00
   4.9614176e-01  -1.7162783e+00
   4.8053427e-01  -1.6780698e+00
   4.8614785e-01  -1.6343154e+00
   4.9635723e-01  -1.6053004e+00
   4.9650736e-01  -1.5775557e+00
   4.9294586e-01  -1.5492485e+00
   4.8027970e-01  -1.5188146e+00
   4.8143194e-01  -1.4979424e+00
   4.9558097e-01  -1.4728724e+00
   4.9465305e-01  -1.4559136e+00
   4.8528056e-01  -1.4408228e+00
   4.7953474e-01  -1.4179007e+00
   4.8089284e-01  -1.4079242e+00
   4.7516607e-01  -1.3964823e+00
   4.8172261e-01  -1.3827987e+00
   4.8486228e-01  -1.3747098e+00
   4.7918277e-01  -1.3740029e+00
   4.8175312e-01  -1.3669413e+00
   4.8995688e-01  -1.3607937e+00
   4.7795073e-01  -1.3538265e+00
   4.8980092e-01  -1.3395432e+00
   4.8585385e-01  -1.3433571e+00
   4.8468287e-01  -1.3362463e+00
   4.8918681e-01  -1.3385838e+00
   4.9156038e-01  -1.3363500e+00
   4.7867643e-01  -1.3268395e+00
   4.8376530e-01  -1.3247737e+00
   4.8175277e-01  -1.3192007e+00
   4.9573273e-01  -1.3270358e+00
   4.8012709e-01  -1.3273140e+00
   4.9296451e-01  -1.3244534e+00
   4.8281740e-01  -1.3199773e+00
   4.8878541e-01  -1.3176571e+00
   4.8882702e-01  -1.3222014e+00
   4.8303632e-01  -1.3126929e+00
   4.9410856e-01  -1.3112908e+00
   4.9555004e-01  -1.3069616e+00
   4.9567252e-01  -1.3129654e+00
   4.9092218e-01  -1.3079535e+00
   4.8574066e-01  -1.3140978e+00
   4.7786388e-01  -1.3167294e+00
   4.8210287e-01  -1.3176752e+00
   4.9365492e-01  -1.3139722e+00
   4.9270064e-01  -1.3164622e+00
   4.7510776e-01  -1.3037414e+00
   4.9372078e-01  -1.3107122e+00
   4.9655243e-01  -1.3051297e+00
   4.9479270e-01  -1.3150473e+00
   4.9200810e-01  -1.3079390e+00
   4.7799653e-01  -1.3133833e+00
   4.7422216e-01  -1.3095663e+00
   4.9405087e-01  -1.3045464e+00
   4.7487555e-01  -1.3105407e+00
   4.8070450e-01  -1.3095939e+00
   4.8395822e-01  -1.3056520e+00
   4.9543838e-01  -1.3073289e+00
   4.7635145e-01  -1.3146598e+00
   4.9118866e-01  -1.3129883e+00
   4.8556715e-01  -1.3078531e+00
   5.1330489e-01  -1.3075819e+00
   5.1877113e-01  -1.3085150e+00
   5.1175769e-01  -1.3166239e+00
   5.1877899e-01  -1.3184126e+00
   5.0486030e-01  -1.3186684e+00
   5.0933448e-01  -1.3317802e+00
   5.1155568e-01  -1.3251783e+00
   5.1643434e-01  -1.3322218e+00
   5.1771736e-01  -1.3395704e+00
   5.0094951e-01  -1.3528373e+00
   5.0924286e-01  -1.3531606e+00
   5.1276561e-01  -1.3574695e+00
   5.1257331e-01  -1.3632596e+00
   5.1257143e-01  -1.3592839e+00
   5.2158319e-01  -1.3652453e+00
   5.0505254e-01  -1.3697726e+00
   5.0164817e-01  -1.3779781e+00
   5.2223653e-01  -1.3717260e+00
   5.0721242e-01  -1.3727925e+00
   5.0027266e-01  -1.3772384e+00
   5.1986437e-01  -1.3871504e+00
   5.0825463e-01  -1.3898264e+00
   5.0642642e-01  -1.3890027e+00
   4.9934943e-01  -1.3913900e+00
   5.1812642e-01  -1.3893917e+00
   5.1827857e-01  -1.3855370e+00
   5.1378542e-01  -1.3865504e+00
   5.1454362e-01  -1.3974318e+00
   5.2123009e-01  -1.3986430e+00
   5.1287469e-01  -1.3949740e+00
   5.2142373e-01  -1.3977099e+00
   5.1209524e-01  -1.3916406e+00
   5.1178252e-01  -1.3897141e+00
   5.1262349e-01  -1.3914726e+00
   5.0039915e-01  -1.3894018e+00
   5.1778798e-01  -1.4001104e+00
   5.1450188e-01  -1.3905593e+00
   5.1418423e-01  -1.3935251e+00
   5.0565318e-01  -1.3997455e+00
   5.1551977e-01  -1.4019490e+00
   5.0939014e-01  -1.3982201e+00
   5.1241960e-01  -1.4020610e+00
   5.0378880e-01  -1.3905145e+00
   5.0163872e-01  -1.3934009e+00
   5.0161541e-01  -1.3960916e+00
   5.0134143e-01  -1.3952746e+00
   5.0888757e-01  -1.3919139e+00
   5.1309839e-01  -1.3979539e+00
   5.1303890e-01  -1.3970490e+00
   5.2052376e-01  -1.3923576e+00
   5.1883108e-01  -1.3996747e+00
   5.0108388e-01  -1.3911304e+00
   5.2190488e-01  -1.3967230e+00
   5.2079384e-01  -1.3942736e+00
   5.0668323e-01  -1.4027780e+00
   5.1032700e-01  -1.3979187e+00
   5.2196590e-01  -1.4034753e+00
   5.1435117e-01  -1.4021726e+00
   5.0531665e-01  -1.3977456e+00
   4.9926687e-01  -1.4007950e+00
   5.1702162e-01  -1.4039828e+00
   5.1936693e-01  -1.4026318e+00
   5.1466753e-01  -1.3921546e+00
   5.1887205e-01  -1.4018703e+00
   4.9947981e-01  -1.3957994e+00
   5.0819745e-01  -1.3938414e+00
   5.0029028e-01  -1.4028016e+00
   5.2172022e-01  -1.3965677e+00
   5.1228384e-01  -1.3929281e+00
   6.1914240e-01  -1.4016383e+00
   6.1277176e-01  -1.3961631e+00
   6.0980336e-01  -1.4069451e+00
   6.1399664e-01  -1.4167924e+00
   6.1872591e-01  -1.4361739e+00
   6.0224011e-01  -1.4537779e+00
   6.0295806e-01  -1.4826616e+00
   6.1007442e-01  -1.5006270e+00
   6.0456796e-01  -1.5171269e+00
   6.0348836e-01  -1.5394247e+00
   6.1913077e-01  -1.5630165e+00
   5.9969654e-01  -1.5760057e+00
   6.2116673e-01  -1.5941622e+00
   6.1062462e-01  -1.6010115e+00
   6.1226052e-01  -1.6203376e+00
   6.1797299e-01  -1.6366609e+00
   6.0082003e-01  -1.6364033e+00
   6.0561458e-01  -1.6486364e+00
   5.9956215e-01  -1.6611421e+00
   6.0367807e-01  -1.6631169e+00
   6.2051704e-01  -1.6840996e+00
   6.2137016e-01  -1.6798832e+00
   6.1647457e-01  -1.6935008e+00
   6.0875653e-01  -1.6888625e+00
   6.1612964e-01  -1.7033917e+00
   6.1874594e-01  -1.7089576e+00
   6.1148202e-01  -1.7063407e+00
   6.1826563e-01  -1.7097007e+00
   6.1551736e-01  -1.7139530e+00
   6.0795352e-01  -1.7106391e+00
   6.2111332e-01  -1.7176693e+00
   6.0458579e-01  -1.7226295e+00
   6.1762333e-01  -1.7243272e+00
   6.0358388e-01  -1.7289320e+00
   6.0750097e-01  -1.7278328e+00
   6.1825028e-01  -1.7227955e+00
   6.1458263e-01  -1.7248597e+00
   6.0712173e-01  -1.7262859e+00
   6.2203912e-01  -1.7240685e+00
   6.1382482e-01  -1.7312751e+00
   6.0427906e-01  -1.7333544e+00
   6.0767565e-01  -1.7311059e+00
   6.0147081e-01  -1.7308613e+00
   6.0110580e-01  -1.7330969e+00
   6.2237711e-01  -1.7291763e+00
   6.2128818e-01  -1.7371186e+00
   6.0280428e-01  -1.7254077e+00
   6.1063005e-01  -1.7324818e+00
   6.1085429e-01  -1.7347930e+00
   6.1424260e-01  -1.7291350e+00
   5.9971534e-01  -1.7307216e+00
   6.0284807e-01  -1.7355952e+00
   6.1579321e-01  -1.7339340e+00
   5.9882128e-01  -1.7324162e+00
   6.1927406e-01  -1.7258097e+00
   6.0214439e-01  -1.7388512e+00
   6.2027739e-01  -1.7339312e+00
   6.0573329e-01  -1.7329395e+00
   6.0007031e-01  -1.7319243e+00
   6.1838456e-01  -1.7305179e+00
   6.0692596e-01  -1.7297442e+00
   6.1051660e-01  -1.7258623e+00
   6.1728291e-01  -1.7284951e+00
   5.9936200e-01  -1.7361358e+00
   6.1605825e-01  -1.7390005e+00
   6.0473023e-01  -1.7337292e+00
   6.1551407e-01  -1.7316940e+00
   6.0971704e-01  -1.7385127e+00
   6.0032019e-01  -1.7366648e+00
   2.9441207e-01  -1.7351677e+00
   3.0438322e-01  -1.7333869e+00
   3.0513513e-01  -1.7014613e+00
   3.1562065e-01  -1.6671019e+00
   2.9326658e-01  -1.6042392e+00
   3.1517201e-01  -1.5541519e+00
   3.1073948e-01  -1.4786530e+00
   3.1087314e-01  -1.4195407e+00
   3.0187643e-01  -1.3609390e+00
   3.1262225e-01  -1.2915446e+00
   3.1081515e-01  -1.2460913e+00
   3.0080382e-01  -1.1856060e+00
   3.1226868e-01  -1.1433713e+00
   2.9803087e-01  -1.0849583e+00
   3.1457934e-01  -1.0468137e+00
   3.0241963e-01  -1.0058072e+00
   2.9510503e-01  -9.7854400e-01
   2.9976260e-01  -9.4989115e-01
   3.0166824e-01  -9.2427776e-01
   2.9549502e-01  -8.9348516e-01
   3.1201627e-01  -8.6987796e-01
   2.9718394e-01  -8.5785350e-01
   3.1184683e-01  -8.3734445e-01
   3.0646354e-01  -8.1319376e-01
   3.0618449e-01  -8.0619148e-01
   3.0589076e-01  -7.9843904e-01
   2.9749683e-01  -7.7524122e-01
   3.0115689e-01  -7.7064193e-01
   3.0503144e-01  -7.5955492e-01
   3.0960676e-01  -7.5602248e-01
   2.9263526e-01  -7.4554150e-01
   3.1445263e-01  -7.4936334e-01
   3.1420688e-01  -7.4181297e-01
   3.1571280e-01  -7.3306370e-01
   2.9354257e-01  -7.2317741e-01
   3.0806540e-01  -7.3131236e-01
   2.9802041e-01  -7.1963432e-01
   2.9705404e-01  -7.2414057e-01
   3.1529773e-01  -7.1300362e-01
   3.1567444e-01  -7.1508887e-01
   3.1263798e-01  -7.0721891e-01
   3.1368092e-01  -7.1583226e-01
   2.9772483e-01  -7.0493805e-01
   2.9938081e-01  -7.0922510e-01
   3.1538161e-01  -7.0986439e-01
   3.0729438e-01  -7.1423832e-01
   2.9217412e-01  -7.0723695e-01
   2.9752462e-01  -7.0986488e-01
   3.1187063e-01  -7.0809311e-01
   3.0197278e-01  -7.0993024e-01
   2.9928935e-01  -7.0759072e-01
   2.9856488e-01  -7.0020708e-01
   3.1183598e-01  -6.9815138e-01
   2.9267905e-01  -7.0465031e-01
   3.0651416e-01  -7.0755899e-01
   3.0425442e-01  -7.0197462e-01
   2.9657272e-01  -7.0132489e-01
   3.1456629e-01  -7.0737521e-01
   2.9272703e-01  -6.9549796e-01
   3.0037969e-01  -7.0058099e-01
   2.9727723e-01  -7.0750613e-01
   2.9328877e-01  -7.0063678e-01
   3.0583009e-01  -7.0180597e-01
   3.1259639e-01  -6.9931774e-01
   2.9422291e-01  -7.0706470e-01
   3.1346627e-01  -7.0277253e-01
   3.0179533e-01  -7.0287984e-01
   2.9942950e-01  -7.0051971e-01
   3.1329605e-01  -7.0173258e-01
   8.4840339e-01  -7.0307181e-01
   8.3901968e-01  -6.9608306e-01
   8.3499286e-01  -7.3829080e-01
   8.3504096e-01  -8.1574901e-01
   8.5078172e-01  -8.8808830e-01
   8.3117714e-01  -9.8639303e-01
   8.3999618e-01  -1.0893932e+00
   8.5503954e-01  -1.1877679e+00
   8.5033970e-01  -1.2919508e+00
   8.4134282e-01  -1.3790484e+00
   8.5324715e-01  -1.4733039e+00
   8.4302771e-01  -1.5516790e+00
   8.5118962e-01  -1.6345180e+00
   8.5275136e-01  -1.7087057e+00
   8.4118585e-01  -1.7684731e+00
   8.4290884e-01  -1.8233806e+00
   8.3987455e-01  -1.8853353e+00
   8.4197300e-01  -1.9364602e+00
   8.5504248e-01  -1.9688736e+00
   8.5400123e-01  -2.0125330e+00
   8.5266857e-01  -2.0500210e+00
   8.3778966e-01  -2.0730427e+00
   8.4139395e-01  -2.1000893e+00
   8.4674038e-01  -2.1347544e+00
   8.5002843e-01  -2.1589302e+00
   8.4330050e-01  -2.1666458e+00
   8.4791645e-01  -2.1877915e+00
   8.3832961e-01  -2.2103939e+00
   8.4989124e-01  -2.2221627e+00
   8.3926965e-01  -2.2365975e+00
   8.3327405e-01  -2.2363694e+00
   8.3373090e-01  -2.2524921e+00
   8.3242603e-01  -2.2528027e+00
   8.4740904e-01  -2.2604059e+00
   8.3382238e-01  -2.2697278e+00
   8.4014720e-01  -2.2716542e+00
   8.3564975e-01  -2.2844973e+00
   8.3224481e-01  -2.2855109e+00
   8.3157617e-01  -2.2872175e+00
   8.4874769e-01  -2.2854540e+00
   8.4523643e-01  -2.2967288e+00
   8.3273954e-01  -2.3027496e+00
   8.3167303e-01  -2.2948754e+00
   8.3523157e-01  -2.3023505e+00
   8.5483205e-01  -2.3046119e+00
   8.5363398e-01  -2.3041733e+00
   8.3884943e-01  -2.3008156e+00
   8.4144534e-01  -2.3053625e+00
   8.4255550e-01  -2.3092788e+00
   8.4108293e-01  -2.3091791e+00
   8.5463012e-01  -2.3133221e+00
   8.5396069e-01  -2.3159370e+00
   8.4145377e-01  -2.3111566e+00
   8.3359006e-01  -2.3160258e+00
   8.3903136e-01  -2.3174030e+00
   8.3539623e-01  -2.3063030e+00
   8.4784603e-01  -2.3093199e+00
   8.4490029e-01  -2.3146256e+00
   8.3764444e-01  -2.3139211e+00
   8.4904984e-01  -2.3070706e+00
   8.5402455e-01  -2.3133083e+00
   8.3953363e-01  -2.3174350e+00
   8.3384421e-01  -2.3106980e+00
   8.3989543e-01  -2.3103456e+00
   8.3780743e-01  -2.3123046e+00
   8.3560290e-01  -2.3164587e+00
   8.3510890e-01  -2.3156040e+00
   8.3853244e-01  -2.3117180e+00
   8.5340784e-01  -2.3206729e+00
  -7.0876832e-01  -2.3169713e+00
  -6.9825024e-01  -2.3166651e+00
  -6.9820640e-01  -2.2837617e+00
  -6.9950053e-01  -2.2503141e+00
  -7.1138442e-01  -2.2024091e+00
  -7.0619967e-01  -2.1441482e+00
  -7.0152862e-01  -2.0762723e+00
  -6.9699483e-01  -2.0183348e+00
  -6.9276649e-01  -1.9541539e+00
  -7.0548460e-01  -1.8965226e+00
  -7.0581044e-01  -1.8468769e+00
  -6.9953119e-01  -1.7845277e+00
  -6.9689837e-01  -1.7402558e+00
  -6.8915898e-01  -1.6974103e+00
  -7.0608317e-01  -1.6574173e+00
  -6.9997110e-01  -1.6232240e+00
  -6.9729846e-01  -1.5868652e+00
  -7.1233416e-01  -1.5632931e+00
  -6.9217990e-01  -1.5359339e+00
  -6.9276672e-01  -1.5091352e+00
  -6.9576842e-01  -1.4834762e+00
  -7.0687851e-01  -1.4637114e+00
  -6.9354873e-01  -1.4456136e+00
  -6.9375337e-01  -1.4415044e+00
  -6.9595729e-01  -1.4205516e+00
  -6.9373421e-01  -1.4119853e+00
  -6.9440679e-01  -1.4010145e+00
  -7.0962754e-01  -1.3921310e+00
  -6.9174847e-01  -1.3885938e+00
  -7.0720363e-01  -1.3700811e+00
  -7.0554967e-01  -1.3671646e+00
  -7.1291742e-01  -1.3595605e+00
  -7.0450579e-01  -1.3638422e+00
  -7.0506165e-01  -1.3552489e+00
  -6.9778365e-01  -1.3499892e+00
  -6.8947111e-01  -1.3467444e+00
  -6.9955398e-01  -1.3495924e+00
  -7.1126630e-01  -1.3357975e+00
  -6.9134351e-01  -1.3388343e+00
  -6.9235002e-01  -1.3447649e+00
  -7.0714011e-01  -1.3401340e+00
  -6.8960793e-01  -1.3368101e+00
  -7.0504166e-01  -1.3282587e+00
  -7.1109900e-01  -1.3330509e+00
  -7.0240060e-01  -1.3292558e+00
  -7.1187967e-01  -1.3290436e+00
  -6.9262431e-01  -1.3239557e+00
  -7.1182197e-01  -1.3261234e+00
  -7.0484772e-01  -1.3300840e+00
  -7.0546860e-01  -1.3345366e+00
  -6.9608408e-01  -1.3276770e+00
  -7.0703182e-01  -1.3245878e+00
  -6.9610503e-01  -1.3326831e+00
  -6.9961336e-01  -1.3204039e+00
  -6.9545292e-01  -1.3289468e+00
  -7.0763641e-01  -1.3262388e+00
  -6.9868458e-01  -1.3224312e+00
  -6.9439302e-01  -1.3274007e+00
  -6.9138676e-01  -1.3239518e+00
  -7.1307049e-01  -1.3300362e+00
  -7.0926950e-01  -1.3199966e+00
  -6.9504669e-01  -1.3186434e+00
  -7.0578517e-01  -1.3267863e+00
  -6.9405096e-01  -1.3204450e+00
  -7.0566423e-01  -1.3220921e+00
  -6.9313915e-01  -1.3279860e+00
  -7.0557001e-01  -1.3295105e+00
  -6.9490414e-01  -1.3257433e+00
  -7.0575681e-01  -1.3174781e+00
  -6.0679865e-01  -1.3231099e+00
  -6.0878257e-01  -1.3185269e+00
  -6.0462725e-01  -1.3134095e+00
  -6.1703635e-01  -1.3025887e+00
  -6.2427718e-01  -1.2716169e+00
  -6.0594462e-01  -1.2527238e+00
  -6.0168232e-01  -1.2208583e+00
  -6.1306741e-01  -1.2016210e+00
  -6.0530796e-01  -1.1711535e+00
  -6.1060107e-01  -1.1495824e+00
  -6.1921747e-01  -1.1317024e+00
  -6.1556682e-01  -1.1142793e+00
  -6.2278382e-01  -1.0880671e+00
  -6.1783713e-01  -1.0737400e+00
  -6.0998167e-01  -1.0596983e+00
  -6.1412267e-01  -1.0388282e+00
  -6.1267180e-01  -1.0229275e+00
  -6.0402873e-01  -1.0214763e+00
  -6.1296017e-01  -1.0028552e+00
  -6.0740513e-01  -9.9733229e-01
  -6.0691277e-01  -9.8448563e-01
  -6.2054544e-01  -9.8586971e-01
  -6.1246741e-01  -9.6852830e-01
  -6.0183023e-01  -9.6079956e-01
  -6.2311692e-01  -9.6232420e-01
  -6.1866872e-01  -9.6038725e-01
  -6.1362483e-01  -9.4886623e-01
  -6.1568777e-01  -9.5390649e-01
  -6.1931963e-01  -9.4368755e-01
  -6.2167120e-01  -9.3790639e-01
  -6.1196217e-01  -9.3535899e-01
  -6.2044200e-01  -9.3268219e-01
  -6.1418458e-01  -9.3209109e-01
  -6.2230860e-01  -9.3286223e-01
  -6.2371894e-01  -9.3205911e-01
  -6.2278736e-01  -9.3081815e-01
  -6.0128706e-01  -9.3588077e-01
  -6.0991900e-01  -9.3015049e-01
  -6.0190765e-01  -9.2251947e-01
  -6.0218372e-01  -9.2530760e-01
  -6.2043254e-01  -9.3169062e-01
  -6.0861653e-01  -9.3283646e-01
  -6.0712517e-01  -9.3229776e-01
  -6.0588049e-01  -9.2227965e-01
  -6.2378325e-01  -9.2337099e-01
  -6.1301867e-01  -9.3035557e-01
  -6.0779723e-01  -9.2957936e-01
  -6.2507776e-01  -9.2333114e-01
  -6.2495426e-01  -9.2549817e-01
  -6.1702016e-01  -9.2203753e-01
  -6.1638924e-01  -9.2477726e-01
  -6.2041497e-01  -9.1971299e-01
  -6.1680076e-01  -9.2611476e-01
  -6.1812578e-01  -9.2852767e-01
  -6.2271142e-01  -9.2852704e-01
  -6.2270261e-01  -9.2138659e-01
  -6.0803309e-01  -9.2920710e-01
  -6.2091169e-01  -9.2187836e-01
  -6.0113177e-01  -9.2259501e-01
  -6.2109356e-01  -9.1619582e-01
  -6.0175485e-01  -9.2695703e-01
  -6.1509714e-01  -9.2024595e-01
  -6.1431526e-01  -9.2276124e-01
  -6.0151093e-01  -9.2777771e-01
  -6.2363763e-01  -9.1765149e-01
  -6.1552984e-01  -9.2337294e-01
  -6.1368164e-01  -9.1603296e-01
  -6.1815115e-01  -9.2391150e-01
  -6.0329914e-01  -9.2436108e-01
   7.6896554e-01  -9.2024344e-01
   7.6566221e-01  -9.2208178e-01
   7.6780188e-01  -9.4833306e-01
   7.8080991e-01  -1.0064658e+00
   7.6802432e-01  -1.0705463e+00
   7.5755007e-01  -1.1405606e+00
   7.6761064e-01  -1.2224998e+00
   7.6431886e-01  -1.3052694e+00
   7.7327671e-01  -1.3802819e+00
   7.6695392e-01  -1.4498036e+00
   7.7310730e-01  -1.5239200e+00
   7.8024372e-01  -1.5806740e+00
   7.6102978e-01  -1.6439790e+00
   7.8048441e-01  -1.7024677e+00
   7.6052244e-01  -1.7478710e+00
   7.6996791e-01  -1.7998604e+00
   7.7884476e-01  -1.8442447e+00
   7.6236845e-01  -1.8824261e+00
   7.7513756e-01  -1.9068461e+00
   7.7151965e-01  -1.9459883e+00
   7.7068177e-01  -1.9688610e+00
   7.5696302e-01  -1.9973648e+00
   7.7378423e-01  -2.0096190e+00
   7.7986385e-01  -2.0372946e+00
   7.7685012e-01  -2.0479936e+00
   7.6964182e-01  -2.0600633e+00
   7.7091926e-01  -2.0822826e+00
   7.8029870e-01  -2.0956486e+00
   7.7852313e-01  -2.0973443e+00
   7.7786918e-01  -2.1070217e+00
   7.6908053e-01  -2.1190652e+00
   7.7664936e-01  -2.1185814e+00
   7.6906157e-01  -2.1305601e+00
   7.7542029e-01  -2.1420322e+00
   7.7041592e-01  -2.1389386e+00
   7.6202726e-01  -2.1510986e+00
   7.6515748e-01  -2.1498873e+00
   7.7257295e-01  -2.1573799e+00
   7.6016655e-01  -2.1560503e+00
   7.7303724e-01  -2.1515463e+00
   7.6789351e-01  -2.1660147e+00
   7.7080882e-01  -2.1597086e+00
   7.6438042e-01  -2.1697152e+00
   7.5991179e-01  -2.1647008e+00
   7.6054796e-01  -2.1622933e+00
   7.6502804e-01  -2.1646284e+00
   7.7498974e-01  -2.1707544e+00
   7.6726697e-01  -2.1735176e+00
   7.8008763e-01  -2.1686996e+00
   7.6687572e-01  -2.1682611e+00
   7.5980077e-01  -2.1702205e+00
   7.7766924e-01  -2.1773517e+00
   7.6536471e-01  -2.1676978e+00
   7.6430763e-01  -2.1667062e+00
   7.6804473e-01  -2.1722570e+00
   7.7893067e-01  -2.1711418e+00
   7.5991616e-01  -2.1708738e+00
   7.7350543e-01  -2.1699512e+00
   7.6939604e-01  -2.1738013e+00
   7.7756366e-01  -2.1775982e+00
   7.7608543e-01  -2.1694020e+00
   7.5979480e-01  -2.1791739e+00
   7.7405615e-01  -2.1745785e+00
   7.6724213e-01  -2.1736217e+00
   7.5803281e-01  -2.1801616e+00
   7.7433329e-01  -2.1817464e+00
   7.7400439e-01  -2.1796588e+00
   7.7619062e-01  -2.1780188e+00
   7.6152730e-01  -2.1754034e+00
  -2.4823101e-01  -2.1812055e+00
  -2.6233457e-01  -2.1752025e+00
  -2.4560732e-01  -2.1186176e+00
  -2.6067163e-01  -2.0298911e+00
  -2.4242095e-01  -1.9162899e+00
  -2.6035736e-01  -1.7808653e+00
  -2.6557113e-01  -1.6479960e+00
  -2.4606522e-01  -1.5004740e+00
  -2.5198560e-01  -1.3685037e+00
  -2.6304986e-01  -1.2464901e+00
  -2.5865183e-01  -1.1119637e+00
  -2.4246071e-01  -1.0024596e+00
  -2.6365909e-01  -9.0021708e-01
  -2.4929762e-01  -7.9439332e-01
  -2.4853125e-01  -7.0361793e-01
  -2.5986408e-01  -6.3081792e-01
  -2.6370894e-01  -5.4894715e-01
  -2.5275401e-01  -4.8182772e-01
  -2.5613338e-01  -4.3303275e-01
  -2.5685868e-01  -3.8041509e-01
  -2.5801797e-01  -3.3105793e-01
  -2.4593113e-01  -2.8446715e-01
  -2.5800894e-01  -2.4594301e-01
  -2.4269773e-01  -2.1333620e-01
  -2.6560227e-01  -1.7840472e-01
  -2.5308681e-01  -1.6213021e-01
  -2.6212014e-01  -1.2864889e-01
  -2.4322545e-01  -1.1636920e-01
  -2.6162982e-01  -9.4061274e-02
  -2.5075940e-01  -7.5928935e-02
  -2.6436967e-01  -6.3309485e-02
  -2.5046577e-01  -5.6721845e-02
  -2.6574050e-01  -4.4158107e-02
  -2.4300424e-01  -3.5059927e-02
  -2.4490541e-01  -1.7469943e-02
  -2.5367930e-01  -2.1332745e-02
  -2.4997594e-01  -6.4710205e-03
  -2.6287900e-01  -2.3023261e-03
  -2.5434478e-01   5.9711946e-04
  -2.5510607e-01   1.0992257e-02
  -2.4504722e-01   1.2559889e-02
  -2.4920021e-01   2.0013885e-02
  -2.6085872e-01   1.7563781e-02
  -2.4390367e-01   1.7591698e-02
  -2.5040228e-01   1.6280544e-02
  -2.5110498e-01   1.8673951e-02
  -2.4820590e-01   2.8715330e-02
  -2.4658972e-01   2.6226588e-02
  -2.5234544e-01   3.2550982e-02
  -2.6586254e-01   2.4482113e-02
  -2.4216905e-01   3.7893996e-02
  -2.6508990e-01   3.4259144e-02
  -2.5494665e-01   2.8622219e-02
  -2.6186709e-01   2.8630057e-02
  -2.5694294e-01   4.0741277e-02
  -2.5679948e-01   3.1883603e-02
  -2.6570590e-01   4.2250943e-02
  -2.5337672e-01   3.6810928e-02
  -2.5728915e-01   3.7661896e-02
  -2.6125377e-01   3.5184512e-02
  -2.5060884e-01   4.2350389e-02
  -2.4244388e-01   3.0083117e-02
  -2.5487956e-01   3.5033907e-02
  -2.4300241e-01   3.7202001e-02
  -2.6302721e-01   4.0263273e-02
  -2.4695649e-01   3.6363852e-02
  -2.6094707e-01   4.3866157e-02
  -2.4361487e-01   3.2632479e-02
  -2.4753655e-01   4.0055140e-02
  -5.5955443e-01   3.4814474e-02
  -5.7661352e-01   3.9401762e-02
  -5.6427003e-01   2.1775072e-02
  -5.7240128e-01  -1.3255316e-02
  -5.5902201e-01  -5.2270128e-02
  -5.6577812e-01  -9.9776025e-02
  -5.8149650e-01  -1.4493759e-01
  -5.6475185e-01  -2.0096962e-01
  -5.6997799e-01  -2.4926484e-01
  -5.7079034e-01  -2.9431885e-01
  -5.8209859e-01  -3.3388872e-01
  -5.6587050e-01  -3.8223882e-01
  -5.7134534e-01  -4.1225085e-01
  -5.7219732e-01  -4.5455122e-01
  -5.7520264e-01  -4.8084442e-01
  -5.7449924e-01  -5.1677644e-01
  -5.6137568e-01  -5.3599812e-01
  -5.6684765e-01  -5.5966363e-01
  -5.6755815e-01  -5.8939882e-01
  -5.7978413e-01  -5.9628228e-01
  -5.6613793e-01  -6.1441764e-01
  -5.7217914e-01  -6.2914224e-01
  -5.8245650e-01  -6.4400428e-01
  -5.7498853e-01  -6.6675460e-01
  -5.7546511e-01  -6.6389179e-01
  -5.6081039e-01  -6.8570163e-01
  -5.7240543e-01  -6.8659253e-01
  -5.6857950e-01  -6.9778728e-01
  -5.6434699e-01  -6.9827844e-01
  -5.7437647e-01  -7.1435332e-01
  -5.6825697e-01  -7.0850576e-01
  -5.8153059e-01  -7.1622759e-01
  -5.7467718e-01  -7.2726992e-01
  -5.7731465e-01  -7.2964033e-01
  -5.8204300e-01  -7.2178641e-01
  -5.7885899e-01  -7.2869660e-01
  -5.7004947e-01  -7.3223220e-01
  -5.7118926e-01  -7.4142290e-01
  -5.6587848e-01  -7.3698268e-01
  -5.6726985e-01  -7.4236915e-01
  -5.7144611e-01  -7.3924707e-01
  -5.6922461e-01  -7.3876514e-01
  -5.8155560e-01  -7.4856512e-01
  -5.6042305e-01  -7.4757030e-01
  -5.7983969e-01  -7.4178304e-01
  -5.7146251e-01  -7.4415744e-01
  -5.7283886e-01  -7.4554266e-01
  -5.7462959e-01  -7.4963797e-01
  -5.8255619e-01  -7.4629285e-01
  -5.8095448e-01  -7.5060797e-01
  -5.7941770e-01  -7.4543426e-01
  -5.6583939e-01  -7.4090238e-01
  -5.7903529e-01  -7.4867273e-01
  -5.6524414e-01  -7.5186134e-01
  -5.6333640e-01  -7.4422312e-01
  -5.7520975e-01  -7.4378723e-01
  -5.6333703e-01  -7.5281495e-01
  -5.6486030e-01  -7.5383207e-01
  -5.5941400e-01  -7.4598734e-01
  -5.7276700e-01  -7.4831274e-01
  -5.7686496e-01  -7.5155117e-01
  -5.8028150e-01  -7.5515709e-01
  -5.7351723e-01  -7.4759447e-01
  -5.8219462e-01  -7.5202747e-01
  -5.6148845e-01  -7.4558235e-01
  -5.7669540e-01  -7.5106108e-01
  -5.7779591e-01  -7.5183076e-01
  -5.6282836e-01  -7.4916793e-01
  -5.7547180e-01  -7.4729306e-01
  -2.9228551e-01  -7.5401995e-01
  -2.9323847e-01  -7.4834432e-01
  -2.8822781e-01  -7.2690085e-01
  -3.0250543e-01  -6.9742478e-01
  -2.8819094e-01  -6.5561745e-01
  -3.0076030e-01  -6.1731066e-01
  -2.9908168e-01  -5.6685705e-01
  -3.0856579e-01  -5.3262026e-01
  -2.8750848e-01  -4.8595590e-01
  -2.9103237e-01  -4.3946415e-01
  -2.9692022e-01  -3.9953794e-01
  -3.0544244e-01  -3.6821272e-01
  -2.9253418e-01  -3.2283892e-01
  -2.9761753e-01  -2.9544097e-01
  -3.0530305e-01  -2.6221275e-01
  -3.0774637e-01  -2.3345167e-01
  -2.8762475e-01  -2.1381794e-01
  -3.0820297e-01  -1.9175012e-01
  -3.0426722e-01  -1.7353069e-01
  -3.1034470e-01  -1.5837593e-01
  -2.9936147e-01  -1.3417081e-01
  -2.9704479e-01  -1.2664399e-01
  -2.9615220e-01  -1.0734577e-01
  -3.0369026e-01  -1.0288716e-01
  -2.9054711e-01  -9.7033629e-02
  -2.9961121e-01  -8.8481399e-02
  -3.0829736e-01  -7.6092741e-02
  -3.1069169e-01  -7.3724227e-02
  -2.9529875e-01  -6.7635670e-02
  -2.9389606e-01  -5.8410841e-02
  -2.9289471e-01  -5.3586107e-02
  -3.1014262e-01  -4.5951235e-02
  -2.9158343e-01  -4.7302324e-02
  -2.8816127e-01  -3.3006275e-02
  -2.9913726e-01  -3.6599419e-02
  -3.0386032e-01  -3.1482247e-02
  -2.9609064e-01  -2.7628307e-02
  -3.0096542e-01  -3.6871508e-02
  -3.0814997e-01  -3.3509649e-02
  -2.9606670e-01  -2.5816460e-02
  -2.8912868e-01  -2.3406874e-02
  -3.0182041e-01  -2.2411702e-02
  -2.8875253e-01  -1.7650210e-02
  -2.9457574e-01  -2.8321815e-02
  -2.9209453e-01  -2.5746987e-02
  -2.9466703e-01  -1.9642169e-02
  -3.0680555e-01  -2.4147989e-02
  -2.8986934e-01  -2.1594209e-02
  -2.8777183e-01  -2.6718797e-02
  -2.9602928e-01  -2.6150383e-02
  -2.9902211e-01  -2.5429436e-02
  -2.8830759e-01  -2.3764142e-02
  -2.9339671e-01  -1.2629106e-02
  -3.0242968e-01  -1.9063525e-02
  -3.1036289e-01  -1.6728303e-02
  -2.9245106e-01  -1.1432265e-02
  -3.0939470e-01  -1.4187767e-02
  -3.0830199e-01  -1.5388525e-02
  -3.0809072e-01  -1.7456970e-02
  -3.0256577e-01  -2.0825911e-02
  -3.0875772e-01  -1.4320985e-02
  -2.9408120e-01  -1.2747231e-02
  -3.0897728e-01  -2.2290986e-02
  -3.0849811e-01  -1.1451256e-02
  -3.0715391e-01  -1.4052063e-02
  -3.0459809e-01  -1.0943995e-02
  -2.9969056e-01  -2.2003669e-02
  -2.9132778e-01  -1.9026373e-02
  -2.9797066e-01  -1.9922720e-02
  -7.2216843e-02  -2.3078994e-02
  -6.9434866e-02  -2.2766741e-02
  -6.9977717e-02  -1.1896938e-02
  -6.5243102e-02  -1.7573884e-02
  -8.0925127e-02  -5.7013704e-03
  -8.4011104e-02  -4.5433421e-03
  -8.1567027e-02   5.4189332e-03
  -6.8803384e-02   8.8344691e-03
  -6.3780004e-02   1.3051419e-02
  -6.7951609e-02   2.0188095e-02
  -6.8490380e-02   2.7114648e-02
  -6.6389416e-02   2.7654439e-02
  -7.5142321e-02   3.5994886e-02
  -6.5840422e-02   4.2270001e-02
  -6.3945137e-02   3.4295235e-02
  -8.0914798e-02   4.8838689e-02
  -6.5405626e-02   4.2620505e-02
  -7.7127376e-02   4.4838277e-02
  -7.4524232e-02   5.4993376e-02
  -7.9537002e-02   4.7299640e-02
  -8.1475744e-02   6.1968366e-02
  -7.7758088e-02   6.0089091e-02
  -8.5766310e-02   6.4217609e-02
  -6.3158368e-02   5.7214424e-02
  -6.7100805e-02   6.3471206e-02
  -6.6859619e-02   6.2749836e-02
  -8.1997168e-02   6.9136311e-02
  -7.4997251e-02   6.5996919e-02
  -8.4401790e-02   6.8024691e-02
  -6.6634884e-02   6.5535526e-02
  -7.1240708e-02   6.3096914e-02
  -8.3717578e-02   7.2092334e-02
  -7.0351888e-02   6.0883897e-02
  -8.0381459e-02   7.2092645e-02
  -6.5959309e-02   6.9955324e-02
  -7.4534797e-02   7.1419648e-02
  -6.4413881e-02   7.0770024e-02
  -7.8347342e-02   7.5110064e-02
  -7.9264434e-02   6.9930231e-02
  -8.2366829e-02   6.2770787e-02
  -6.2443197e-02   7.4958650e-02
  -8.0498574e-02   6.9936463e-02
  -6.4834882e-02   6.7301037e-02
  -7.2998867e-02   6.4173930e-02
  -6.2442358e-02   7.3189484e-02
  -8.2409209e-02   7.3629674e-02
  -6.6925597e-02   7.2773834e-02
  -7.7876935e-02   6.7217537e-02
  -7.9715581e-02   7.6365787e-02
  -8.1547062e-02   7.5292594e-02
  -7.0715377e-02   7.2567062e-02
  -7.8052377e-02   6.7074872e-02
  -6.6252890e-02   6.3346098e-02
  -6.5767995e-02   6.4735225e-02
  -7.6851497e-02   6.4611683e-02
  -6.5747130e-02   7.4197353e-02
  -7.8954080e-02   7.0600440e-02
  -6.8961540e-02   7.0419504e-02
  -7.1268893e-02   6.7075243e-02
  -7.8095630e-02   6.8315317e-02
  -8.5537030e-02   7.6938064e-02
  -6.3650064e-02   6.3739369e-02
  -7.5127923e-02   6.7205632e-02
  -8.0786235e-02   6.4352946e-02
  -8.5715495e-02   7.5220184e-02
  -6.5780722e-02   7.5819456e-02
  -7.1752851e-02   6.8939727e-02
  -8.3580747e-02   7.0038123e-02
  -6.2647252e-02   6.4907352e-02
   9.0036449e-01   6.9010686e-02
   8.9308034e-01   7.2256184e-02
   8.9437773e-01   7.5113643e-03
   8.8819923e-01  -9.2418573e-02
   8.8221384e-01  -2.2578761e-01
   8.8555453e-01  -3.7156613e-01
   8.9384959e-01  -5.1368005e-01
   8.9482102e-01  -6.7296724e-01
   8.8879336e-01  -8.1213398e-01
   8.8157854e-01  -9.5486284e-01
   8.9533106e-01  -1.0966942e+00
   8.9816884e-01  -1.2160418e+00
   8.9410123e-01  -1.3333644e+00
   8.9358461e-01  -1.4416410e+00
   8.8910135e-01  -1.5507262e+00
   8.8409131e-01  -1.6389687e+00
   8.8149394e-01  -1.7097216e+00
   8.8814745e-01  -1.7904326e+00
   8.9310630e-01  -1.8557019e+00
   8.9694042e-01  -1.9184787e+00
   8.8046151e-01  -1.9675103e+00
   8.8178522e-01  -2.0098615e+00
   8.8536125e-01  -2.0605953e+00
   9.0038560e-01  -2.0988463e+00
   8.8030402e-01  -2.1284271e+00
   8.9636373e-01  -2.1486392e+00
   8.9019992e-01  -2.1857265e+00
   8.9040510e-01  -2.2001234e+00
   8.9739364e-01  -2.2189346e+00
   8.9066210e-01  -2.2433326e+00
   8.9275004e-01  -2.2557249e+00
   8.9393601e-01  -2.2775424e+00
   8.9458713e-01  -2.2827549e+00
   8.8755808e-01  -2.2996317e+00
   8.9572457e-01  -2.3039536e+00
   8.9798703e-01  -2.3103945e+00
   8.8208835e-01  -2.3162350e+00
   8.9822144e-01  -2.3195339e+00
   8.9067738e-01  -2.3326655e+00
   8.9876950e-01  -2.3366431e+00
   8.8117268e-01  -2.3359463e+00
   8.8846017e-01  -2.3474649e+00
   8.7682430e-01  -2.3513626e+00
   8.9650827e-01  -2.3478265e+00
   8.7727652e-01  -2.3472101e+00
   8.8280457e-01  -2.3569658e+00
   8.9003891e-01  -2.3630946e+00
   8.8865711e-01  -2.3652970e+00
   8.7947207e-01  -2.3614197e+00
   8.9980148e-01  -2.3614296e+00
   8.8248306e-01  -2.3686810e+00
   8.9901218e-01  -2.3578141e+00
   8.9490654e-01  -2.3665808e+00
   8.7944506e-01  -2.3720187e+00
   8.7789340e-01  -2.3709544e+00
   8.8977327e-01  -2.3662883e+00
   8.8512772e-01  -2.3618497e+00
   8.7977395e-01  -2.3682863e+00
   8.7942637e-01  -2.3747780e+00
   8.7857702e-01  -2.3645996e+00
   8.8040419e-01  -2.3682050e+00
   8.9054697e-01  -2.3664648e+00
   8.9581176e-01  -2.3683568e+00
   8.9346246e-01  -2.3762292e+00
   8.9674380e-01  -2.3697712e+00
   8.9351055e-01  -2.3738868e+00
   8.8705905e-01  -2.3666493e+00
   8.8981615e-01  -2.3692757e+00
   8.8642663e-01  -2.3735996e+00
  -5.8723371e-01  -2.3664563e+00
  -5.8440065e-01  -2.3659147e+00
  -5.8109016e-01  -2.3313252e+00
  -5.8334534e-01  -2.2642397e+00
  -5.8529107e-01  -2.1858019e+00
  -5.9232197e-01  -2.0954813e+00
  -5.9605417e-01  -2.0013357e+00
  -5.8626885e-01  -1.8996928e+00
  -6.0077295e-01  -1.8102893e+00
  -5.8594407e-01  -1.7212233e+00
  -5.9411538e-01  -1.6367933e+00
  -5.8828527e-01  -1.5591820e+00
  -5.8106626e-01  -1.4841357e+00
  -6.0074335e-01  -1.4117187e+00
  -5.9645309e-01  -1.3536173e+00
  -5.8586738e-01  -1.2987597e+00
  -6.0362246e-01  -1.2422043e+00
  -6.0222001e-01  -1.1934136e+00
  -5.9314291e-01  -1.1551078e+00
  -5.9830346e-01  -1.1162063e+00
  -6.0012978e-01  -1.0860065e+00
  -5.8920034e-01  -1.0560302e+00
  -5.8238931e-01  -1.0301443e+00
  -5.8997965e-01  -1.0033928e+00
  -5.9089647e-01  -9.8249005e-01
  -5.9173151e-01  -9.7011235e-01
  -5.9162520e-01  -9.5931803e-01
  -6.0227814e-01  -9.3316691e-01
  -5.8386440e-01  -9.3178288e-01
  -5.8023123e-01  -9.1781280e-01
  -5.8257278e-01  -9.0147370e-01
  -5.9858560e-01  -8.9211181e-01
  -6.0003984e-01  -8.9532835e-01
  -6.0315509e-01  -8.8693297e-01
  -5.8057712e-01  -8.8048506e-01
  -5.9262571e-01  -8.7402244e-01
  -5.9533749e-01  -8.6205619e-01
  -6.0028342e-01  -8.6761388e-01
  -5.9835540e-01  -8.5440107e-01
  -6.0118808e-01  -8.6281236e-01
  -5.9985287e-01  -8.5979754e-01
  -5.9058251e-01  -8.4812309e-01
  -5.9970359e-01  -8.5329278e-01
  -5.8424375e-01  -8.4933378e-01
  -6.0027550e-01  -8.4538249e-01
  -5.8893363e-01  -8.4900953e-01
  -5.9074893e-01  -8.3652781e-01
  -5.8086809e-01  -8.4628537e-01
  -5.8181914e-01  -8.4568149e-01
  -5.9599995e-01  -8.4131384e-01
  -5.8072752e-01  -8.3668548e-01
  -5.9434559e-01  -8.3924809e-01
  -5.8319983e-01  -8.3435507e-01
  -6.0006295e-01  -8.3498859e-01
  -5.9669052e-01  -8.3146845e-01
  -5.9523452e-01  -8.3777422e-01
  -5.9389226e-01  -8.4004547e-01
   2.5229493e-01  -8.2953829e-01
